FP1,FP2,PG1,PG2,F7,F3,F2,F4,F8,C3,C2,C4,P3,P4,P2,T3,T4,T5,T6,O1,OZ,O2,ECG
4,-9,-23,-8,-36,-49,-50,-89,-80,-10,-2,-54,-82,-12,-9,-48,-23,-45,-46,-104,-46,-39,-171
2,-10,-14,-15,-41,-62,-60,-107,-102,-9,-4,-46,-87,-4,-14,-60,-31,-45,-65,-115,-57,-52,-171
4,-8,-2,-20,-44,-64,-69,-116,-112,-7,-5,-33,-87,5,-15,-69,-35,-46,-77,-116,-63,-64,-169
6,-5,6,-26,-52,-61,-74,-117,-114,-10,-12,-23,-90,6,-16,-71,-37,-49,-82,-115,-68,-74,-166
7,-5,4,-33,-65,-56,-77,-110,-113,-19,-25,-21,-96,-3,-17,-65,-38,-54,-79,-114,-73,-83,-163
3,-10,-9,-45,-81,-54,-81,-101,-112,-35,-42,-29,-105,-19,-19,-59,-41,-57,-72,-113,-81,-94,-161
-6,-19,-28,-62,-97,-56,-91,-95,-116,-55,-64,-45,-118,-39,-25,-61,-49,-59,-66,-114,-93,-107,-161
-18,-28,-46,-76,-111,-60,-104,-93,-121,-74,-83,-63,-126,-52,-31,-68,-56,-58,-61,-112,-102,-114,-163
-21,-27,-54,-75,-113,-57,-107,-86,-118,-80,-88,-75,-119,-48,-29,-66,-53,-54,-53,-99,-96,-109,-166
-16,-16,-48,-57,-101,-44,-98,-73,-103,-71,-79,-77,-97,-28,-18,-52,-40,-49,-42,-75,-77,-94,-169
-8,0,-33,-29,-82,-30,-81,-58,-80,-55,-67,-73,-70,-4,-6,-31,-23,-46,-31,-47,-53,-76,-175
-2,19,-14,3,-60,-19,-61,-38,-55,-37,-56,-66,-44,14,7,-6,-7,-45,-18,-23,-30,-59,-183
5,38,6,34,-36,-8,-40,-12,-29,-18,-44,-54,-20,28,23,22,7,-39,-3,-1,-8,-38,-187
11,54,20,55,-17,-2,-23,15,-10,-1,-35,-40,-2,33,36,43,16,-27,10,12,6,-18,-188
15,60,21,59,-6,-4,-15,32,-1,9,-33,-30,4,29,39,50,18,-16,17,13,9,-8,-187
20,59,15,48,-3,-10,-14,35,-1,12,-32,-24,-3,21,36,46,16,-9,16,1,6,-8,-184
31,56,14,33,-5,-15,-14,31,-4,14,-27,-19,-17,18,35,39,18,-5,14,-16,3,-12,-179
45,54,17,17,-10,-21,-14,19,-11,16,-23,-16,-35,19,37,30,21,-8,11,-35,0,-18,-174
56,50,22,-1,-19,-31,-21,0,-23,14,-24,-17,-56,22,40,18,19,-17,4,-53,-8,-29,-171
60,44,24,-18,-29,-40,-35,-22,-37,9,-31,-21,-74,25,43,4,6,-30,-7,-69,-19,-41,-169
57,36,22,-32,-38,-46,-51,-42,-51,0,-41,-23,-85,28,44,-8,-15,-41,-21,-82,-30,-47,-165
48,25,13,-44,-44,-49,-63,-59,-64,-12,-51,-22,-85,25,39,-21,-41,-49,-37,-93,-38,-45,-162
34,9,-2,-56,-50,-57,-73,-75,-79,-26,-61,-22,-81,16,25,-37,-66,-58,-57,-100,-49,-42,-161
16,-9,-18,-68,-59,-70,-79,-88,-95,-43,-74,-24,-79,2,3,-54,-87,-68,-79,-107,-63,-44,-164
-3,-24,-31,-77,-73,-87,-82,-95,-110,-60,-87,-27,-79,-13,-19,-69,-97,-75,-96,-111,-78,-50,-168
-21,-34,-41,-82,-86,-103,-83,-97,-122,-72,-99,-30,-80,-25,-36,-78,-95,-76,-101,-111,-89,-56,-172
-34,-41,-50,-83,-97,-116,-85,-96,-128,-79,-109,-36,-81,-31,-47,-81,-85,-72,-95,-106,-96,-61,-173
-43,-45,-60,-81,-103,-121,-88,-97,-126,-83,-116,-45,-82,-31,-52,-75,-73,-65,-83,-95,-98,-65,-174
-45,-44,-66,-72,-98,-111,-87,-98,-112,-82,-112,-52,-75,-26,-49,-59,-56,-54,-68,-79,-90,-61,-174
-37,-35,-64,-54,-83,-84,-80,-93,-89,-72,-93,-51,-56,-17,-37,-36,-35,-41,-49,-55,-71,-49,-170
-23,-20,-53,-27,-61,-49,-72,-81,-60,-57,-66,-42,-28,-8,-20,-15,-14,-30,-31,-30,-49,-33,-164
-8,-5,-39,3,-39,-14,-66,-59,-29,-39,-40,-27,3,0,-1,1,2,-23,-17,-6,-29,-17,-157
8,11,-21,36,-22,17,-60,-29,0,-19,-17,-7,32,9,17,12,12,-18,-7,16,-10,-2,-147
24,27,-2,67,-7,43,-51,4,25,4,2,16,52,21,33,23,21,-11,4,32,9,13,-138
40,42,17,93,3,61,-40,35,43,26,20,36,63,37,47,31,29,-1,18,41,28,27,-135
59,57,35,111,12,74,-24,59,59,49,38,51,64,55,60,41,43,15,35,47,47,39,-139
78,76,52,122,24,85,-4,78,75,73,59,63,61,74,75,54,65,34,58,53,67,52,-146
95,95,66,129,38,96,17,91,90,97,81,74,56,90,91,69,92,52,86,58,84,63,-152
106,110,73,131,55,105,34,99,103,116,101,84,56,101,105,81,114,63,110,61,95,69,-154
106,112,69,124,67,105,41,96,108,125,111,87,57,102,111,85,120,60,123,58,95,68,-151
85,94,52,102,62,89,33,78,93,115,104,76,49,90,101,76,107,38,115,45,77,53,-148
48,56,25,66,39,55,9,45,56,86,80,48,26,64,75,55,76,0,86,22,42,27,-150
8,14,1,28,10,13,-21,8,9,48,50,14,-4,35,43,29,40,-38,49,-4,5,-1,-157
-20,-18,-12,-1,-17,-24,-43,-23,-33,17,25,-15,-28,11,17,7,14,-63,15,-23,-23,-22,-167
-29,-33,-10,-17,-34,-45,-53,-40,-61,1,10,-30,-42,-3,2,-7,2,-70,-6,-35,-37,-31,-179
-22,-31,-1,-15,-40,-48,-48,-43,-71,0,4,-27,-44,-6,-2,-9,1,-59,-15,-40,-36,-28,-188
-5,-18,9,0,-35,-36,-32,-37,-66,9,8,-13,-36,-1,3,-4,6,-39,-15,-41,-24,-18,-192
13,-3,14,15,-26,-19,-12,-30,-55,20,13,4,-27,4,9,0,10,-19,-12,-43,-12,-7,-190
22,7,15,22,-17,-2,3,-23,-45,24,16,18,-21,5,12,-4,13,-5,-10,-45,-8,1,-184
27,13,17,21,-7,12,11,-13,-38,22,22,26,-18,4,14,-12,19,1,-5,-44,-6,7,-173
32,20,28,18,4,25,14,0,-29,19,33,31,-14,5,18,-16,31,5,3,-36,-3,11,-158
36,26,44,15,13,39,13,14,-20,19,46,32,-5,9,23,-15,43,7,12,-24,2,10,-145
35,30,59,13,16,49,4,24,-13,19,55,30,7,13,23,-12,50,10,18,-16,2,2,-137
28,28,65,14,13,51,-11,27,-9,19,55,25,18,19,18,-7,52,14,19,-13,-3,-11,-133
16,21,60,20,8,48,-26,26,-8,19,49,19,24,24,10,4,48,23,18,-10,-12,-25,-128
6,14,50,36,7,45,-31,28,0,20,43,18,30,30,6,21,46,36,18,-2,-16,-29,-116
8,16,44,61,19,53,-19,43,22,27,47,26,42,38,10,45,50,54,28,15,-10,-19,-91
24,31,48,89,44,74,11,71,56,42,63,45,64,50,25,76,64,76,50,43,11,7,-53
46,49,57,108,71,99,50,105,93,59,84,69,89,58,42,103,77,93,76,72,39,38,-9
54,55,56,103,85,112,80,128,117,64,94,84,104,51,47,113,74,96,93,89,61,61,28
40,42,39,72,79,105,86,129,119,51,86,84,100,28,32,101,51,79,93,85,65,69,48
11,17,13,27,61,83,72,111,103,25,61,73,83,-2,8,78,18,53,84,67,57,65,47
-18,-7,-10,-13,41,57,51,85,80,-2,34,61,60,-24,-12,54,-12,29,74,48,52,59,30
-34,-23,-23,-35,29,36,35,62,62,-20,15,50,42,-33,-20,39,-32,15,68,35,57,56,1
-33,-27,-24,-35,27,23,29,45,53,-25,9,41,33,-29,-16,33,-42,12,65,30,69,58,-34
-19,-22,-14,-26,32,14,29,33,52,-19,11,32,29,-19,-6,30,-46,16,60,28,78,59,-77
1,-14,0,-20,39,3,31,23,53,-10,14,22,24,-10,2,23,-47,20,51,23,78,54,-128
17,-8,12,-20,43,-9,31,17,49,-3,19,10,16,-5,5,13,-47,23,35,13,67,46,-184
27,-3,20,-24,44,-19,31,12,39,-2,26,2,6,-3,6,6,-48,21,15,2,48,37,-237
31,0,23,-31,40,-25,29,6,24,-8,32,-3,-5,-4,4,1,-46,14,-5,-9,25,27,-279
29,4,23,-38,33,-28,28,0,6,-16,36,-6,-15,-4,3,-3,-41,4,-23,-19,5,19,-306
27,9,21,-42,21,-25,31,-5,-11,-19,38,-10,-21,-1,4,-7,-34,-6,-36,-24,-10,11,-315
23,10,17,-43,4,-20,32,-11,-26,-18,36,-16,-24,3,4,-12,-29,-14,-49,-26,-22,-1,-311
14,4,12,-46,-18,-17,21,-22,-40,-18,23,-27,-29,5,-2,-21,-29,-25,-61,-28,-37,-24,-302
0,-8,5,-53,-40,-20,0,-35,-53,-21,2,-41,-38,1,-14,-31,-35,-37,-71,-32,-56,-55,-292
-14,-19,-1,-56,-55,-24,-21,-46,-64,-25,-18,-49,-45,-5,-23,-36,-39,-46,-74,-34,-74,-85,-284
-25,-23,-6,-53,-60,-26,-36,-49,-69,-28,-31,-47,-48,-10,-25,-35,-37,-47,-69,-33,-83,-105,-278
-35,-22,-12,-48,-58,-26,-48,-46,-69,-31,-36,-40,-47,-16,-23,-33,-30,-42,-59,-31,-87,-113,-276
-44,-18,-23,-43,-53,-31,-57,-42,-67,-36,-38,-38,-47,-25,-23,-34,-23,-37,-51,-32,-90,-110,-282
-49,-14,-36,-39,-47,-39,-60,-37,-62,-42,-38,-39,-47,-33,-25,-35,-18,-32,-47,-36,-90,-98,-296
-48,-8,-45,-32,-37,-42,-56,-29,-51,-43,-36,-42,-42,-35,-26,-30,-13,-25,-43,-37,-80,-78,-314
-38,0,-46,-21,-21,-37,-45,-15,-34,-38,-34,-43,-32,-29,-21,-18,-7,-17,-35,-33,-62,-55,-316
-22,11,-41,-7,1,-23,-28,2,-13,-28,-33,-37,-17,-19,-12,2,0,-7,-21,-23,-39,-30,-258
0,24,-30,9,26,-3,-2,22,10,-13,-29,-24,1,-5,3,26,5,3,1,-6,-10,-3,-73
26,41,-13,26,52,23,30,45,34,5,-19,-2,21,13,26,49,12,14,30,17,25,26,301
49,55,5,41,76,50,64,68,59,22,-3,23,40,28,50,67,17,24,61,42,59,52,869
63,60,17,49,95,67,92,84,81,31,14,46,53,32,64,71,17,30,83,64,84,69,1540
59,48,17,43,103,66,106,85,95,27,28,59,56,20,59,56,8,27,89,74,96,72,2133
36,18,5,22,95,47,104,68,93,7,30,57,48,-7,33,23,-9,14,76,70,92,63,2436
-2,-22,-18,-13,74,14,85,37,76,-25,19,42,32,-41,-5,-19,-31,-3,49,52,72,46,2301
-44,-62,-48,-54,41,-25,55,0,48,-58,-2,17,17,-73,-46,-57,-52,-20,14,26,44,28,1733
-79,-92,-80,-93,2,-61,19,-34,13,-85,-27,-11,5,-93,-79,-82,-71,-34,-19,-3,13,13,906
-101,-105,-104,-121,-38,-89,-15,-58,-20,-100,-48,-35,-1,-99,-99,-90,-84,-45,-46,-31,-12,4,81
-103,-99,-110,-130,-64,-102,-38,-67,-40,-100,-58,-48,-1,-90,-100,-83,-85,-50,-60,-49,-25,2,-515
-84,-76,-96,-118,-70,-95,-48,-57,-41,-80,-50,-45,6,-68,-83,-63,-70,-44,-56,-54,-24,7,-782
-53,-43,-66,-87,-59,-71,-44,-34,-27,-47,-27,-26,17,-39,-57,-39,-44,-28,-40,-44,-11,17,-765
-21,-11,-28,-49,-39,-40,-36,-8,-9,-14,2,-1,24,-10,-31,-20,-16,-11,-21,-25,6,30,-604
3,13,5,-12,-19,-11,-27,13,4,9,27,20,28,15,-10,-8,6,3,-8,-1,19,40,-442
17,25,24,15,-4,12,-20,27,7,21,41,32,29,31,2,-3,19,12,-1,24,27,43,-350
22,28,28,28,3,23,-16,31,3,24,42,35,31,36,8,-5,24,15,-4,43,27,41,-326
22,28,23,26,4,25,-13,28,-1,21,35,32,32,33,10,-11,23,16,-11,53,20,32,-332
21,31,19,18,6,23,-11,23,0,15,25,29,33,26,13,-13,24,18,-17,57,8,21,-338
23,38,20,10,11,23,-7,22,10,15,18,29,35,20,21,-8,28,23,-14,58,-3,13,-336
27,49,23,7,20,28,-3,26,28,21,17,34,39,19,32,4,34,29,0,59,-8,10,-329
27,54,21,9,30,34,-1,34,47,29,23,40,40,19,39,18,38,30,17,60,-9,11,-323
18,46,9,11,31,37,-6,37,56,30,26,37,33,15,37,24,33,20,27,57,-10,11,-321
-1,25,-15,7,19,31,-16,30,49,18,23,24,16,2,22,15,17,1,26,42,-11,7,-321
-23,1,-40,-1,0,21,-28,16,34,1,16,10,-5,-14,3,-2,-1,-22,17,19,-7,5,-315
-35,-16,-54,-9,-17,12,-35,0,20,-13,9,3,-19,-25,-10,-19,-15,-38,10,-4,4,7,-302
-34,-19,-53,-11,-27,9,-36,-12,11,-20,3,6,-21,-24,-14,-29,-21,-42,10,-23,20,15,-283
-21,-10,-39,-7,-27,12,-28,-15,10,-16,-1,17,-12,-12,-6,-28,-21,-35,20,-32,39,28,-263
-1,7,-18,3,-15,17,-12,-9,18,-1,-2,33,7,9,8,-13,-14,-23,39,-29,60,42,-237
21,25,2,14,4,21,6,3,29,20,2,48,28,30,25,11,-4,-11,62,-17,77,53,-206
40,38,15,23,22,23,21,13,36,41,11,58,40,47,40,35,7,-1,80,-2,87,60,-172
55,48,22,30,33,24,27,16,36,58,24,60,41,57,51,51,20,5,90,9,89,61,-140
64,53,27,35,33,23,23,12,27,69,38,58,33,62,58,57,36,9,91,14,83,56,-113
66,54,31,37,23,21,11,1,14,72,51,51,23,63,59,52,54,12,83,15,69,45,-87
64,52,34,38,5,20,-4,-9,1,71,61,44,15,64,59,41,72,15,70,14,51,31,-61
61,51,33,42,-17,23,-15,-16,-9,69,66,38,12,67,61,29,86,20,56,12,31,19,-31
55,48,28,44,-41,25,-19,-20,-15,65,63,34,12,68,61,21,88,24,41,8,10,6,-1
45,42,20,43,-60,20,-19,-25,-19,58,53,29,12,64,58,14,75,22,26,-2,-10,-10,29
34,34,11,37,-70,12,-19,-29,-21,49,37,23,10,57,52,7,54,15,13,-17,-26,-26,61
27,31,8,33,-65,5,-17,-27,-19,44,24,19,9,54,49,3,34,7,7,-31,-33,-36,99
30,38,20,39,-42,6,-9,-15,-9,49,19,22,15,61,55,8,27,5,11,-33,-25,-34,145
44,55,43,55,-4,18,7,10,11,65,28,33,29,78,71,24,36,12,22,-16,-3,-19,197
64,76,68,75,39,37,24,40,36,87,46,48,45,97,91,45,57,26,37,16,27,6,254
83,94,83,93,72,58,38,64,59,108,65,63,58,106,109,68,77,42,49,49,58,32,314
95,102,84,105,90,71,44,74,73,120,77,70,61,104,118,84,89,53,53,71,81,47,378
92,96,70,105,91,72,41,67,77,114,76,62,50,89,113,88,89,55,47,73,92,48,443
71,75,45,90,76,60,26,47,68,88,63,38,23,62,93,80,75,42,31,58,84,35,507
38,46,17,65,52,41,5,21,51,48,42,5,-11,32,63,65,51,19,12,31,62,16,568
10,23,-3,45,31,27,-13,4,35,12,26,-23,-36,11,36,52,29,0,-1,8,40,3,632
-2,13,-12,37,22,22,-18,0,30,-5,21,-35,-42,8,22,48,16,-5,-2,-1,26,2,698
0,12,-13,38,21,22,-15,4,30,-5,23,-31,-32,14,18,47,11,0,6,1,19,7,764
6,11,-14,38,20,19,-13,7,26,2,25,-21,-18,19,15,42,8,7,13,3,16,11,826
12,10,-16,38,19,11,-8,6,17,12,26,-10,-4,22,13,33,10,13,17,1,17,9,882
17,15,-15,40,23,5,3,4,11,25,31,4,9,27,17,26,18,18,21,0,25,7,930
17,24,-9,45,27,3,18,1,10,37,38,19,19,33,27,21,31,20,24,0,34,7,967
12,33,0,47,28,4,30,-2,11,45,47,30,23,38,37,19,41,20,26,2,41,9,994
9,43,13,50,29,9,39,-5,17,50,58,38,26,45,48,20,49,23,30,7,46,14,1012
13,53,29,53,33,18,45,-4,26,55,68,43,34,55,58,26,55,30,36,17,52,23,1020
23,60,45,54,34,25,43,-1,30,55,73,44,42,61,60,29,56,35,41,27,54,30,1017
32,56,56,47,28,26,33,1,27,43,69,35,45,59,49,25,50,34,38,34,49,30,994
37,45,57,34,19,23,20,4,20,23,54,20,44,47,27,15,40,27,26,35,39,21,947
36,30,50,18,8,19,9,8,17,2,33,6,42,30,2,-1,30,20,10,33,27,9,873
30,17,39,5,-2,19,5,16,22,-13,14,-1,42,14,-15,-13,26,18,-5,28,18,0,776
21,10,33,2,-7,25,10,30,33,-15,3,0,45,9,-18,-16,33,23,-11,24,13,-2,661
15,8,34,4,-6,35,20,48,46,-7,0,7,49,15,-7,-7,48,34,-8,26,11,5,535
13,12,42,8,0,44,30,64,53,5,2,17,50,27,12,7,63,43,1,34,9,15,403
16,17,52,14,6,50,38,75,54,15,7,25,48,40,32,21,73,46,13,45,8,24,268
22,24,61,22,13,54,41,78,51,20,10,29,40,52,49,32,75,43,24,55,8,28,132
26,29,61,27,17,52,35,72,47,18,7,28,27,56,57,34,65,37,26,60,8,25,-1
24,28,51,27,17,47,21,59,42,9,-2,22,12,51,53,26,45,29,20,57,8,15,-129
17,23,37,24,13,42,4,45,37,-2,-15,16,-1,39,41,15,19,20,10,44,12,4,-245
5,15,21,23,9,40,-12,32,34,-11,-24,10,-9,23,23,7,-6,10,0,25,18,-4,-343
-6,5,7,22,5,36,-21,23,30,-16,-27,8,-10,8,5,4,-23,2,-4,8,23,-8,-420
-11,1,-1,19,4,32,-20,17,28,-14,-21,12,-6,-3,-7,7,-30,-3,4,3,26,-5,-476
-4,3,-3,18,7,29,-11,16,29,-5,-8,24,3,-4,-9,15,-24,-1,23,7,32,6,-516
11,13,3,22,13,28,5,18,37,12,9,41,15,6,0,26,-10,7,46,15,44,22,-543
29,26,11,31,23,28,23,24,47,33,26,59,27,23,16,38,4,20,64,26,57,42,-562
45,37,18,43,32,28,38,30,52,50,38,75,40,42,32,45,13,31,72,34,67,61,-577
52,41,21,50,38,26,46,35,48,57,40,84,48,52,40,44,16,36,68,37,68,73,-592
45,35,16,50,41,17,46,35,34,50,32,83,50,51,36,34,12,31,51,33,57,70,-607
27,22,7,42,38,2,41,29,14,35,18,71,44,39,25,17,8,22,27,27,36,55,-618
5,7,0,27,26,-17,32,16,-6,14,4,53,32,25,11,-3,6,12,2,20,10,33,-624
-17,-11,-3,6,5,-36,19,-4,-25,-8,-10,32,11,9,-3,-23,4,1,-21,8,-15,6,-622
-36,-30,-4,-19,-22,-50,4,-29,-41,-24,-23,11,-15,-4,-17,-41,0,-10,-40,-7,-38,-22,-611
-44,-43,-3,-39,-45,-53,-8,-51,-52,-32,-28,-5,-35,-13,-27,-53,-6,-16,-51,-22,-55,-41,-592
-37,-45,0,-46,-55,-40,-14,-59,-56,-30,-24,-10,-41,-14,-29,-55,-5,-14,-51,-34,-59,-48,-568
-17,-32,5,-38,-46,-14,-16,-51,-52,-16,-11,-7,-32,-8,-23,-50,6,-3,-38,-37,-52,-44,-543
9,-8,13,-19,-26,16,-16,-29,-42,5,6,-3,-12,3,-9,-40,26,11,-20,-31,-40,-34,-522
31,18,22,4,-5,41,-13,-2,-29,29,21,-4,11,17,7,-30,46,23,-6,-18,-28,-24,-509
44,38,28,24,7,53,-10,19,-17,47,29,-14,24,28,20,-23,60,29,-6,-6,-21,-20,-502
42,45,26,36,7,48,-9,27,-13,54,28,-28,21,31,26,-19,63,24,-17,1,-20,-23,-498
28,39,13,38,-1,29,-6,22,-16,46,22,-41,3,26,24,-15,56,10,-30,3,-26,-28,-497
11,25,-10,31,-7,8,-2,11,-20,29,14,-44,-18,14,18,-10,42,-5,-37,0,-30,-32,-497
-1,12,-39,23,-9,-5,0,1,-20,9,6,-35,-36,2,10,-3,27,-15,-33,-8,-22,-30,-492
-6,1,-65,17,-6,-8,-1,-5,-16,-9,-1,-20,-46,-7,5,4,16,-15,-21,-19,-4,-24,-480
-5,-5,-79,11,-4,-6,-6,-7,-10,-22,-6,-9,-45,-14,2,9,8,-10,-3,-26,16,-14,-462
-2,-11,-78,-1,-7,-7,-15,-7,-8,-29,-10,-8,-37,-20,-3,10,2,-5,12,-27,29,-5,-443
-3,-19,-64,-15,-18,-14,-26,-10,-16,-32,-14,-19,-31,-27,-11,5,-6,-4,17,-30,32,-2,-422
-6,-28,-45,-28,-32,-29,-36,-17,-32,-33,-18,-37,-32,-34,-22,-3,-15,-11,14,-38,24,-4,-403
-10,-34,-27,-36,-44,-48,-42,-27,-51,-31,-17,-54,-39,-38,-33,-12,-20,-26,8,-47,11,-9,-385
-12,-38,-16,-41,-50,-64,-45,-35,-67,-27,-13,-65,-48,-36,-39,-21,-22,-44,2,-56,0,-13,-370
-13,-39,-12,-44,-51,-75,-47,-40,-76,-20,-9,-68,-58,-30,-42,-31,-23,-58,-3,-63,-8,-18,-355
-13,-39,-13,-47,-48,-77,-46,-42,-77,-15,-6,-62,-64,-21,-41,-38,-22,-65,-5,-65,-10,-24,-339
-13,-38,-12,-48,-42,-71,-40,-37,-70,-14,2,-49,-62,-12,-34,-36,-18,-62,-3,-54,-9,-27,-319
-16,-39,-10,-50,-39,-62,-30,-29,-61,-19,13,-33,-50,-6,-27,-28,-14,-53,1,-35,-9,-31,-298
-27,-46,-13,-56,-43,-53,-25,-26,-56,-30,18,-24,-36,-9,-26,-20,-17,-46,0,-23,-17,-39,-281
-43,-59,-23,-65,-54,-46,-27,-30,-56,-44,11,-24,-26,-20,-33,-18,-27,-44,-7,-25,-32,-50,-267
-56,-71,-37,-72,-67,-41,-35,-38,-57,-54,-5,-28,-21,-32,-41,-20,-38,-45,-14,-36,-47,-60,-257
-62,-75,-50,-71,-77,-37,-44,-43,-55,-53,-21,-33,-19,-37,-45,-23,-41,-41,-17,-47,-55,-64,-246
-59,-68,-56,-61,-78,-32,-51,-41,-47,-42,-32,-37,-18,-32,-39,-21,-35,-29,-15,-52,-56,-60,-236
-43,-46,-52,-41,-65,-20,-48,-30,-31,-20,-31,-33,-11,-16,-23,-8,-15,-10,-4,-41,-46,-44,-225
-17,-12,-37,-11,-40,1,-32,-9,-6,6,-19,-20,4,10,3,15,14,15,14,-14,-28,-18,-210
12,25,-19,21,-12,24,-8,17,19,30,-3,-6,22,38,32,38,43,37,33,20,-7,9,-193
34,51,-5,40,11,38,12,38,35,42,4,1,34,54,49,50,58,45,43,45,7,29,-177
45,58,-2,41,23,38,24,47,40,42,0,0,35,53,50,47,54,36,43,53,10,35,-164
39,47,-11,22,23,24,23,40,35,29,-14,-9,23,35,36,31,33,14,35,41,6,26,-155
17,21,-28,-10,9,-2,8,19,21,7,-33,-28,-2,4,10,7,1,-16,20,14,-6,1,-151
-15,-12,-47,-46,-11,-32,-14,-8,2,-18,-50,-52,-29,-29,-20,-15,-35,-44,1,-20,-20,-32,-152
-45,-41,-60,-72,-26,-51,-30,-30,-13,-36,-57,-71,-46,-51,-43,-26,-63,-60,-15,-43,-30,-56,-157
-62,-56,-62,-81,-30,-53,-32,-39,-19,-41,-54,-79,-48,-57,-52,-22,-76,-60,-23,-50,-30,-61,-163
-66,-58,-53,-73,-26,-46,-21,-37,-15,-35,-45,-73,-38,-53,-50,-9,-72,-46,-23,-43,-20,-46,-165
-60,-51,-38,-56,-16,-36,0,-25,-5,-21,-31,-54,-22,-46,-40,5,-59,-23,-19,-28,-2,-19,-163
-51,-43,-27,-39,-6,-30,21,-13,5,-9,-18,-28,-9,-42,-30,14,-45,-3,-14,-11,16,11,-160
-49,-41,-29,-37,-5,-33,32,-12,8,-8,-12,-5,-7,-47,-27,10,-37,6,-15,-2,24,32,-157
-58,-49,-46,-53,-19,-46,25,-24,-2,-21,-18,5,-21,-62,-35,-9,-38,1,-25,-6,19,36,-158
-70,-64,-67,-79,-43,-60,5,-42,-21,-46,-33,2,-44,-78,-49,-37,-46,-15,-40,-18,2,27,-161
-75,-73,-77,-97,-66,-63,-15,-56,-39,-66,-43,-6,-59,-81,-59,-58,-51,-27,-52,-26,-17,16,-166
-64,-67,-68,-98,-77,-48,-24,-59,-44,-70,-38,-9,-55,-67,-57,-60,-42,-26,-54,-25,-28,10,-167
-38,-46,-45,-81,-74,-22,-22,-55,-34,-56,-19,-2,-34,-41,-42,-46,-20,-12,-45,-18,-28,11,-163
-9,-20,-17,-53,-61,2,-14,-49,-17,-32,4,8,-6,-12,-20,-23,6,8,-33,-8,-24,14,-156
11,2,4,-25,-45,17,-9,-43,-2,-11,20,14,18,14,0,-2,27,24,-22,0,-20,13,-151
16,10,8,-9,-37,17,-10,-40,3,-1,22,10,26,31,12,10,35,27,-22,1,-24,4,-149
6,1,-4,-7,-41,6,-19,-40,-7,-5,9,-5,15,34,10,10,31,15,-33,-4,-36,-14,-151
-11,-15,-23,-13,-50,-7,-28,-40,-24,-17,-9,-26,-4,27,2,7,21,-4,-47,-7,-50,-34,-154
-20,-24,-33,-14,-53,-10,-27,-30,-36,-25,-19,-39,-17,21,-1,12,17,-16,-50,3,-56,-46,-156
-15,-17,-29,-5,-42,0,-13,-8,-34,-18,-14,-36,-17,21,7,28,23,-14,-39,24,-47,-45,-154
2,5,-15,12,-18,21,8,20,-18,2,3,-20,-3,28,26,50,38,1,-14,47,-25,-33,-149
20,30,-3,29,10,37,23,44,3,24,19,0,15,35,46,69,52,19,16,61,-3,-17,-145
26,46,1,40,28,39,26,58,20,37,27,11,24,35,54,78,57,27,38,56,10,-2,-144
21,48,-2,44,33,29,19,62,28,41,28,14,21,28,48,74,52,24,51,36,14,9,-146
15,41,-7,45,31,18,11,62,33,41,29,14,11,22,33,65,44,14,56,9,13,18,-150
10,30,-10,47,26,10,7,59,37,40,34,11,1,17,17,54,37,4,56,-13,15,26,-153
10,21,-8,49,22,6,9,54,43,43,42,9,-6,16,6,44,33,-4,54,-24,21,34,-154
18,19,1,51,25,6,15,51,52,52,50,13,-4,20,6,34,33,-3,53,-21,33,40,-152
33,23,11,50,35,13,24,51,62,68,57,23,6,27,15,27,34,7,56,-6,46,44,-148
47,28,20,46,47,21,31,52,66,81,59,33,21,33,27,24,32,18,58,12,55,46,-143
53,29,24,37,54,22,34,50,60,82,54,37,34,31,34,23,24,26,55,26,55,46,-138
49,22,22,24,51,16,31,42,43,68,40,33,37,19,29,18,9,25,44,28,43,40,-136
36,8,15,6,35,4,23,27,21,42,19,23,27,2,13,6,-9,17,27,15,23,28,-139
18,-10,9,-12,13,-9,14,8,1,12,-2,13,9,-12,-8,-11,-21,7,7,-6,2,14,-144
3,-23,5,-23,-7,-19,5,-9,-13,-10,-15,10,-8,-14,-23,-27,-21,1,-8,-24,-15,1,-147
-6,-26,5,-23,-20,-25,-1,-21,-19,-17,-19,15,-17,-5,-28,-36,-5,2,-13,-31,-28,-8,-147
-8,-20,10,-11,-23,-21,-5,-25,-20,-11,-12,26,-16,10,-23,-35,20,8,-9,-26,-36,-16,-143
-4,-7,23,8,-21,-8,-8,-20,-21,1,-1,35,-9,24,-10,-24,47,14,-1,-15,-40,-21,-139
-1,6,36,26,-18,7,-11,-11,-26,10,8,34,-1,33,4,-8,64,15,2,-6,-41,-24,-138
-1,12,42,37,-17,19,-16,-3,-33,10,11,23,4,33,12,4,66,13,-1,-1,-37,-27,-141
-1,14,43,40,-14,28,-16,8,-32,6,10,12,7,29,17,14,56,14,-7,2,-25,-26,-148
6,18,43,41,-3,39,-7,24,-16,7,12,9,16,30,23,26,46,26,-5,13,-2,-12,-152
19,28,45,45,19,51,14,47,18,16,20,18,36,37,34,42,43,50,10,36,30,16,-149
32,40,44,53,46,63,39,68,59,28,32,32,61,45,46,59,44,75,34,67,61,47,-141
37,44,40,56,64,65,59,79,91,34,37,43,80,44,51,69,39,87,53,91,77,68,-134
29,38,31,48,63,53,63,75,103,25,27,40,80,29,45,67,20,78,56,95,72,72,-131
9,20,19,30,45,26,51,56,87,2,7,23,60,6,30,55,-9,49,43,75,53,59,-134
-14,-1,5,9,19,-9,32,28,51,-28,-15,-1,26,-13,12,38,-42,11,19,39,31,36,-138
-29,-17,-4,-8,0,-41,16,0,10,-51,-29,-22,-9,-20,-3,24,-68,-22,-3,3,16,14,-140
-34,-24,-7,-19,-7,-64,7,-20,-19,-61,-33,-36,-37,-18,-13,13,-79,-42,-17,-24,15,-1,-135
-35,-28,-10,-27,-6,-76,2,-36,-32,-60,-32,-45,-57,-16,-22,1,-78,-52,-28,-41,20,-10,-125
-44,-40,-21,-38,-10,-84,-6,-55,-36,-58,-34,-55,-72,-28,-39,-21,-77,-59,-41,-51,19,-17,-114
-63,-63,-41,-53,-21,-89,-21,-76,-39,-59,-44,-66,-84,-55,-64,-51,-84,-67,-58,-58,4,-29,-107
-82,-84,-63,-65,-37,-91,-35,-94,-42,-61,-56,-71,-86,-83,-88,-79,-93,-71,-72,-60,-19,-39,-102
-87,-91,-72,-67,-48,-85,-38,-98,-41,-58,-61,-62,-75,-98,-97,-92,-95,-61,-73,-54,-37,-39,-97
-73,-77,-62,-54,-48,-72,-27,-84,-33,-46,-55,-39,-48,-91,-84,-86,-84,-36,-56,-40,-40,-24,-87
-41,-48,-34,-33,-33,-52,-4,-56,-15,-29,-40,-6,-10,-63,-54,-64,-63,-3,-28,-18,-26,2,-74
-7,-16,1,-14,-9,-30,20,-23,9,-12,-21,27,28,-27,-18,-36,-39,30,-3,7,1,29,-61
14,3,27,-9,12,-15,32,0,31,-9,-6,48,52,1,6,-16,-22,50,6,24,26,44,-54
11,0,34,-22,19,-12,22,3,38,-26,-4,49,50,8,9,-14,-20,49,-7,28,34,40,-55
-11,-21,20,-45,10,-17,-3,-12,29,-55,-13,33,27,-2,-7,-26,-31,30,-33,18,25,18,-62
-37,-44,-2,-63,-4,-25,-29,-30,10,-84,-25,10,-1,-19,-29,-42,-42,5,-62,6,6,-10,-68
-50,-52,-16,-64,-13,-26,-42,-37,-6,-100,-31,-8,-17,-30,-41,-52,-41,-10,-77,3,-14,-28,-70
-44,-40,-12,-45,-12,-16,-37,-26,-12,-95,-31,-16,-15,-27,-35,-50,-24,-11,-74,13,-26,-29,-63
-25,-13,4,-12,-2,-1,-17,-4,-8,-74,-27,-12,3,-12,-17,-36,1,0,-61,33,-29,-14,-48
-2,18,27,25,13,16,6,21,1,-46,-22,-3,30,7,5,-15,25,16,-45,57,-21,8,-30
18,44,46,55,32,29,24,42,12,-18,-16,9,53,28,24,6,41,31,-27,77,-6,28,-16
36,63,59,76,50,40,35,57,21,6,-9,21,67,48,39,25,48,43,-5,87,14,41,-7
53,75,64,87,69,50,42,65,32,27,1,33,73,64,52,38,50,52,23,87,36,48,6
69,84,64,90,88,59,47,68,46,45,16,44,72,74,64,47,52,59,54,82,57,53,27
81,89,59,85,102,63,49,62,58,58,32,48,66,75,72,51,51,62,83,74,66,52,63
83,83,45,71,103,55,44,45,60,60,39,42,50,63,71,49,44,58,95,61,57,43,112
71,67,23,50,86,33,34,13,49,50,35,23,24,41,59,40,29,44,86,39,33,26,167
50,42,0,28,61,5,22,-23,27,33,23,-4,-8,16,37,27,9,22,61,11,4,5,220
27,18,-16,11,37,-20,11,-49,2,16,10,-32,-37,-4,15,11,-13,-3,30,-21,-21,-12,257
9,-1,-24,1,20,-36,2,-60,-22,3,2,-52,-60,-16,-2,-6,-33,-28,1,-50,-38,-22,268
0,-11,-22,-3,12,-41,-2,-57,-37,-1,4,-59,-69,-18,-12,-22,-46,-47,-18,-70,-44,-23,254
2,-12,-9,-3,10,-34,-3,-44,-41,4,17,-49,-62,-13,-15,-34,-48,-57,-25,-74,-38,-17,221
8,-9,6,-4,9,-23,-5,-31,-39,12,32,-31,-47,-8,-15,-40,-44,-57,-24,-69,-29,-11,176
7,-12,11,-13,-1,-17,-17,-29,-42,12,37,-16,-37,-9,-22,-45,-41,-54,-25,-66,-30,-15,122
-4,-25,3,-29,-21,-21,-37,-42,-52,0,29,-14,-38,-16,-36,-51,-42,-50,-36,-68,-41,-31,61
-17,-40,-11,-45,-40,-28,-56,-58,-62,-16,14,-21,-43,-23,-50,-55,-43,-41,-49,-74,-54,-51,-2
-25,-50,-23,-53,-49,-33,-68,-69,-64,-29,-3,-31,-49,-25,-59,-56,-40,-26,-60,-78,-65,-66,-63
-26,-53,-33,-55,-47,-37,-72,-73,-57,-37,-20,-41,-51,-25,-62,-56,-35,-10,-66,-75,-72,-70,-117
-21,-48,-35,-50,-35,-36,-67,-67,-43,-39,-30,-46,-43,-22,-56,-54,-30,6,-67,-63,-72,-60,-158
-8,-34,-24,-36,-16,-25,-50,-48,-22,-35,-32,-41,-24,-16,-40,-44,-20,20,-57,-37,-60,-39,-180
9,-12,-2,-15,7,-4,-26,-24,3,-28,-27,-28,0,-9,-16,-26,-5,32,-38,-4,-38,-13,-185
19,6,20,5,26,18,-8,-3,24,-26,-23,-15,15,-7,6,-5,6,39,-18,28,-18,9,-178
18,16,31,16,34,30,-4,9,34,-31,-22,-8,15,-13,16,14,9,37,-6,48,-6,18,-168
8,15,29,20,33,31,-10,10,32,-41,-23,-11,0,-22,15,28,4,27,-1,54,-2,12,-162
-3,10,16,21,31,25,-18,9,25,-43,-21,-17,-18,-27,8,38,-1,16,5,52,0,-1,-163
-8,7,0,26,36,22,-19,12,22,-33,-13,-20,-30,-21,5,49,0,12,18,47,8,-11,-173
-2,11,-11,37,48,25,-7,22,29,-14,1,-17,-29,-6,7,63,6,14,36,40,21,-10,-194
13,23,-11,53,66,33,18,35,47,9,18,-9,-20,17,16,77,16,21,54,36,40,3,-224
33,39,-3,69,84,43,49,46,72,30,32,4,-11,40,27,85,25,31,68,33,58,24,-258
49,50,7,77,93,43,72,45,92,41,37,15,-9,52,33,80,26,33,70,27,68,43,-276
53,50,11,67,89,28,77,29,96,37,33,17,-16,46,27,61,15,24,56,13,62,52,-241
47,40,8,42,72,1,67,2,82,23,25,12,-29,26,14,32,-3,4,32,-5,43,46,-92
36,21,0,9,51,-27,49,-24,56,6,16,1,-42,2,-2,1,-21,-20,7,-25,17,28,232
24,0,-8,-24,29,-48,34,-44,25,-12,8,-12,-51,-21,-17,-24,-36,-40,-16,-46,-10,4,753
14,-20,-9,-51,11,-56,27,-55,0,-29,2,-24,-54,-37,-29,-39,-47,-51,-34,-63,-32,-19,1417
5,-35,-2,-66,-2,-57,31,-61,-15,-44,-5,-33,-51,-45,-40,-46,-54,-54,-52,-73,-48,-37,2079
-6,-46,7,-72,-13,-53,39,-65,-26,-55,-17,-39,-45,-48,-50,-54,-59,-51,-71,-76,-61,-49,2539
-13,-50,19,-68,-24,-47,45,-67,-35,-60,-32,-40,-34,-47,-57,-61,-57,-43,-86,-68,-68,-52,2624
-9,-39,39,-50,-28,-32,51,-58,-37,-50,-36,-28,-12,-36,-49,-58,-40,-25,-85,-45,-63,-43,2282
9,-10,66,-16,-21,-8,56,-35,-29,-23,-21,-2,21,-13,-25,-41,-6,3,-62,-7,-46,-24,1617
32,23,87,20,-10,16,55,-9,-16,9,4,30,51,13,7,-17,33,30,-26,32,-28,-4,841
50,48,94,47,-2,32,42,10,-3,34,23,55,65,30,33,7,64,48,8,56,-16,10,174
56,61,87,62,1,37,22,21,9,47,34,69,63,37,48,26,81,53,34,63,-11,15,-242
49,62,69,63,0,34,2,27,17,48,35,67,51,34,50,38,82,47,44,59,-9,12,-393
30,52,42,51,-7,23,-17,27,18,37,22,49,31,23,39,40,67,34,37,48,-13,1,-377
4,35,14,33,-18,11,-31,27,12,19,-3,20,6,9,21,35,44,18,18,33,-18,-14,-318
-17,22,-5,20,-24,5,-34,31,5,3,-29,-10,-15,1,4,30,22,5,2,22,-21,-26,-294
-28,14,-16,15,-22,4,-25,38,1,-8,-49,-32,-28,-2,-6,28,5,-4,-5,16,-18,-33,-312
-27,9,-23,15,-12,4,-12,44,3,-13,-61,-45,-34,-3,-10,26,-8,-10,-5,12,-11,-31,-347
-15,9,-28,18,7,4,1,47,12,-11,-64,-46,-36,-6,-7,26,-13,-13,1,8,1,-19,-374
6,16,-30,23,29,4,13,49,27,-2,-53,-38,-32,-7,2,28,-11,-11,13,6,18,2,-385
27,25,-27,28,46,6,21,47,42,10,-34,-25,-27,-8,14,32,-7,-8,24,5,37,23,-387
37,30,-24,26,46,6,18,35,48,19,-14,-17,-26,-13,19,33,-5,-8,26,0,46,32,-389
28,21,-24,14,26,-1,2,10,38,16,-5,-23,-38,-27,11,27,-12,-16,14,-15,37,26,-395
2,-3,-31,-7,-11,-17,-25,-29,5,-1,-13,-42,-62,-48,-10,11,-30,-36,-9,-38,10,3,-399
-29,-34,-41,-32,-53,-39,-53,-69,-39,-25,-31,-67,-86,-66,-35,-8,-53,-57,-36,-63,-24,-24,-395
-48,-57,-47,-47,-82,-58,-69,-95,-79,-40,-49,-84,-97,-71,-52,-20,-70,-68,-55,-76,-49,-41,-380
-46,-60,-41,-48,-86,-66,-65,-97,-100,-37,-54,-84,-89,-58,-53,-19,-71,-63,-58,-72,-54,-38,-359
-26,-44,-24,-34,-67,-62,-46,-80,-101,-19,-46,-66,-66,-32,-39,-9,-54,-45,-46,-55,-43,-20,-336
1,-20,-3,-15,-38,-49,-22,-55,-87,6,-28,-35,-38,-3,-18,3,-23,-19,-28,-35,-25,1,-313
24,-1,12,-1,-12,-33,-3,-33,-68,27,-7,-1,-14,17,0,9,11,9,-13,-19,-11,16,-289
33,6,19,0,4,-18,3,-22,-54,32,6,23,-1,22,9,4,37,30,-8,-8,-8,21,-265
28,0,18,-9,6,-7,-3,-20,-49,21,9,32,3,17,8,-6,50,40,-13,-1,-15,16,-239
17,-7,18,-16,3,4,-11,-21,-47,3,6,33,6,13,7,-10,51,43,-20,9,-24,6,-213
9,-6,28,-15,1,16,-12,-16,-41,-8,2,31,14,18,11,0,46,43,-21,30,-27,-2,-184
5,1,48,-5,2,29,-8,-7,-29,-9,-1,28,25,26,19,20,39,39,-14,54,-24,-6,-153
5,11,65,7,4,40,-1,2,-14,-4,-8,26,33,27,23,41,31,32,-5,71,-18,-9,-119
7,19,69,19,6,49,6,9,1,0,-15,26,36,21,25,55,25,24,3,77,-6,-11,-85
9,24,62,28,7,56,13,19,15,4,-22,29,37,12,24,59,21,23,12,73,10,-8,-54
9,23,46,30,7,59,16,31,23,3,-30,29,37,2,20,54,16,25,20,62,25,1,-26
5,19,28,26,6,56,15,45,28,-2,-37,24,35,-6,13,43,9,26,26,49,36,12,4
-3,16,14,22,11,48,10,59,33,-4,-37,18,31,-7,7,35,2,23,32,36,44,24,39
-9,15,12,20,24,36,5,69,40,1,-27,16,26,-2,5,34,-2,17,40,29,46,37,80
-12,14,17,21,41,23,-1,72,46,12,-13,18,17,5,5,35,-3,9,49,26,43,47,127
-10,13,22,24,57,14,-3,65,52,24,2,27,2,11,7,35,-3,-3,54,25,38,54,181
0,15,21,31,71,12,2,54,57,35,17,41,-9,17,13,33,-3,-15,57,26,38,61,241
19,22,19,42,81,21,18,45,62,43,34,57,-11,25,24,31,0,-23,56,30,44,69,304
45,31,19,50,86,35,41,39,67,49,51,69,-2,33,38,28,2,-23,52,36,50,76,368
67,40,20,49,84,48,63,32,72,51,65,73,9,37,46,21,4,-19,43,38,52,78,429
77,42,22,36,76,53,74,21,74,49,70,68,16,33,44,8,4,-12,27,30,45,70,487
70,35,25,14,64,48,72,4,70,41,64,55,15,22,32,-11,0,-4,5,13,28,54,543
48,20,30,-11,48,37,57,-15,58,26,46,38,7,7,15,-33,-6,1,-18,-7,2,31,600
16,1,33,-34,29,22,33,-31,39,8,20,20,-4,-5,-3,-53,-11,0,-40,-25,-24,8,659
-13,-14,33,-46,10,10,10,-38,18,-6,-5,8,-9,-11,-17,-64,-12,-4,-55,-33,-41,-12,719
-28,-20,31,-45,-7,5,-3,-34,-2,-13,-18,2,-3,-6,-21,-62,-7,-7,-56,-27,-44,-23,773
-29,-17,28,-33,-22,8,-6,-21,-18,-12,-19,2,12,3,-17,-51,4,-6,-45,-9,-34,-27,817
-18,-7,29,-13,-32,17,-3,-8,-25,-6,-9,7,30,12,-10,-34,16,1,-28,13,-15,-25,847
-1,6,31,11,-36,29,4,-1,-23,2,7,16,44,17,-2,-15,26,13,-10,33,7,-20,865
13,17,35,32,-33,38,8,1,-15,5,22,23,47,13,2,0,32,21,4,45,22,-16,870
14,21,35,43,-24,40,4,-1,-7,1,26,21,37,0,0,4,28,20,11,46,25,-14,861
5,19,31,44,-11,35,-9,-4,-1,-10,17,10,18,-15,-7,-2,15,10,8,37,15,-15,836
-4,16,25,37,6,25,-23,1,8,-18,1,-5,-1,-24,-10,-9,0,0,3,25,1,-15,796
-5,19,19,27,26,16,-30,15,23,-19,-15,-16,-9,-21,-5,-12,-8,-4,2,20,-6,-11,737
5,30,19,21,48,12,-24,36,44,-12,-27,-19,-3,-3,11,-7,-8,3,9,23,-1,1,659
25,47,27,22,69,16,-6,60,69,1,-32,-13,14,25,38,8,0,20,19,33,15,20,560
47,64,39,29,88,19,19,76,91,16,-27,-5,33,54,66,30,13,37,29,43,36,39,441
60,73,46,35,96,14,41,78,99,27,-19,-1,46,74,83,46,25,44,36,44,54,51,305
59,68,43,34,92,0,50,64,84,32,-16,-7,45,77,83,48,26,37,38,33,60,51,158
44,50,32,23,75,-20,41,35,50,29,-20,-23,29,64,65,35,12,18,32,11,53,38,8
21,23,15,3,50,-41,19,-1,10,20,-29,-42,3,42,36,15,-10,-5,17,-17,35,18,-136
-3,-3,-1,-22,24,-61,-7,-36,-27,7,-39,-55,-22,19,6,-3,-32,-28,0,-40,16,-3,-267
-21,-22,-11,-49,2,-74,-27,-62,-56,-6,-43,-60,-38,1,-16,-17,-49,-45,-15,-54,-1,-16,-378
-34,-34,-14,-73,-13,-80,-38,-77,-73,-19,-41,-56,-45,-10,-28,-28,-56,-51,-29,-58,-14,-20,-470
-42,-41,-15,-92,-24,-84,-42,-83,-81,-34,-36,-53,-44,-16,-34,-40,-54,-49,-44,-56,-21,-19,-544
-46,-45,-20,-105,-33,-88,-41,-84,-82,-50,-35,-54,-38,-19,-39,-55,-45,-42,-58,-53,-25,-17,-599
-47,-48,-30,-111,-44,-90,-41,-82,-82,-64,-36,-60,-28,-21,-44,-72,-34,-33,-70,-52,-31,-21,-638
-48,-52,-45,-111,-58,-89,-45,-81,-81,-76,-41,-65,-20,-23,-52,-85,-26,-22,-79,-52,-42,-29,-663
-49,-58,-59,-105,-73,-83,-55,-79,-80,-83,-46,-67,-14,-26,-60,-91,-19,-13,-86,-53,-57,-40,-680
-53,-62,-68,-93,-87,-73,-68,-76,-83,-83,-47,-63,-9,-29,-66,-88,-13,-6,-87,-50,-73,-48,-694
-57,-63,-67,-77,-96,-59,-80,-70,-90,-77,-42,-54,-4,-33,-67,-74,-8,0,-79,-40,-86,-51,-706
-57,-59,-54,-58,-96,-38,-87,-57,-94,-64,-30,-37,5,-34,-62,-54,-2,11,-60,-26,-87,-47,-713
-48,-45,-34,-33,-84,-8,-85,-33,-84,-44,-13,-14,19,-25,-46,-30,9,29,-31,-6,-68,-35,-714
-31,-25,-14,-6,-63,27,-73,-1,-56,-21,4,9,38,-9,-22,-3,24,51,4,17,-35,-18,-711
-12,-3,0,18,-40,58,-53,34,-16,-1,17,27,54,11,3,20,37,68,34,39,2,-3,-702
3,15,10,37,-18,81,-28,65,27,14,24,39,66,30,27,36,43,74,54,55,34,7,-689
12,26,16,49,-1,92,-4,88,63,24,25,45,72,44,44,45,41,71,63,64,55,14,-673
7,27,16,51,6,85,13,97,81,24,20,41,66,47,50,46,30,58,59,64,63,20,-659
-11,15,8,41,2,60,19,89,78,12,10,27,49,36,42,39,9,37,42,51,59,23,-646
-31,-2,-2,25,-4,28,17,68,62,-3,1,9,28,17,28,30,-13,16,23,29,50,26,-631
-42,-13,-12,10,-5,-1,11,43,48,-11,2,-2,13,1,17,27,-27,2,12,4,46,34,-614
-41,-18,-24,0,-4,-21,2,19,36,-10,12,-7,2,-10,10,28,-30,-7,7,-21,44,39,-598
-32,-20,-37,-9,-6,-35,-11,-5,21,-3,24,-11,-12,-18,5,23,-28,-20,3,-44,38,34,-584
-17,-19,-49,-16,-10,-43,-26,-30,0,4,33,-16,-30,-21,2,8,-24,-37,-2,-66,25,18,-570
-1,-17,-56,-21,-19,-45,-41,-54,-24,9,34,-20,-50,-22,1,-12,-24,-55,-9,-85,6,-4,-555
8,-20,-59,-28,-34,-47,-58,-78,-51,4,24,-29,-73,-25,-5,-39,-31,-74,-21,-102,-18,-29,-540
7,-28,-56,-39,-54,-50,-75,-97,-79,-10,7,-41,-95,-32,-18,-68,-44,-91,-39,-117,-44,-51,-528
5,-34,-38,-42,-67,-45,-83,-101,-93,-21,-4,-46,-101,-35,-27,-86,-48,-95,-54,-120,-63,-59,-519
13,-26,-2,-29,-62,-24,-72,-82,-84,-18,0,-33,-80,-25,-24,-82,-34,-75,-56,-103,-64,-45,-511
32,-4,44,-2,-39,10,-42,-42,-55,-1,22,-4,-35,0,-5,-58,-1,-35,-42,-66,-48,-13,-504
54,26,85,30,-5,47,-3,4,-17,24,50,32,18,31,22,-30,39,13,-22,-18,-26,26,-498
70,52,107,56,25,75,32,42,15,44,72,62,61,55,45,-9,73,55,-5,24,-9,57,-491
72,67,107,72,46,88,53,59,34,52,78,78,87,68,58,1,91,79,3,51,-3,69,-482
64,70,90,76,56,84,59,56,40,50,71,77,98,68,61,2,91,84,4,61,-7,58,-469
51,65,66,74,53,72,50,39,35,41,57,62,94,60,55,0,78,72,-1,56,-14,33,-456
39,55,44,71,42,58,33,20,23,30,41,41,80,51,46,0,61,50,-6,44,-19,3,-444
34,49,30,71,31,52,19,8,15,24,31,24,66,44,41,9,48,31,-4,32,-16,-17,-431
39,52,27,80,25,59,15,12,18,25,31,19,58,44,45,27,45,21,11,28,-2,-19,-416
50,60,30,94,25,75,20,29,31,33,38,27,56,49,56,49,47,22,37,31,20,-4,-398
59,68,32,106,30,94,29,54,50,44,44,43,59,53,66,68,50,30,65,37,43,22,-378
64,72,31,114,41,111,40,80,73,56,49,64,67,56,74,81,52,41,89,40,67,47,-357
67,75,31,117,57,120,52,102,96,70,54,82,79,57,78,88,51,53,107,42,90,66,-334
68,74,31,113,75,119,61,116,115,80,56,92,89,53,77,89,44,60,115,42,108,77,-314
61,65,28,95,88,103,63,116,122,81,51,91,85,42,65,79,32,56,107,37,117,80,-299
44,47,19,63,87,72,55,102,113,68,36,76,65,23,41,56,12,39,84,25,111,73,-290
21,23,4,23,70,28,39,78,90,44,18,51,33,0,13,25,-11,14,50,9,92,60,-286
1,3,-7,-14,46,-13,25,54,63,17,6,28,3,-15,-10,-6,-29,-8,18,-6,70,48,-281
-12,-9,-13,-40,20,-40,17,34,37,-1,4,14,-19,-19,-22,-31,-36,-22,-5,-19,52,40,-272
-19,-17,-15,-55,-1,-53,14,17,13,-10,11,6,-30,-14,-25,-51,-35,-27,-17,-31,39,32,-260
-21,-21,-14,-63,-16,-55,17,3,-8,-12,21,4,-31,-9,-23,-64,-31,-23,-20,-41,26,25,-247
-18,-24,-9,-64,-24,-48,24,-9,-22,-11,29,6,-25,-8,-22,-70,-24,-14,-16,-44,12,19,-235
-16,-27,-2,-63,-27,-38,31,-18,-36,-11,28,7,-17,-12,-25,-73,-20,-5,-12,-41,-8,13,-228
-18,-33,2,-62,-30,-32,31,-27,-50,-16,15,6,-11,-22,-34,-73,-20,-2,-14,-31,-35,6,-224
-22,-37,3,-61,-34,-33,26,-32,-62,-24,-3,2,-7,-32,-42,-68,-21,-2,-21,-13,-61,-1,-222
-23,-38,2,-57,-39,-34,19,-32,-68,-30,-20,-3,1,-36,-44,-56,-19,0,-31,8,-81,-7,-222
-25,-35,-2,-54,-46,-31,14,-32,-67,-33,-33,-8,12,-36,-43,-39,-16,5,-40,23,-92,-15,-222
-32,-34,-11,-51,-53,-26,8,-35,-63,-37,-44,-15,22,-35,-40,-25,-11,13,-47,30,-97,-26,-221
-44,-36,-25,-51,-58,-20,-1,-41,-58,-41,-56,-22,27,-38,-38,-16,-8,20,-51,28,-100,-37,-218
-56,-39,-39,-51,-60,-17,-12,-47,-50,-44,-68,-31,25,-42,-37,-10,-8,23,-53,19,-103,-48,-212
-61,-38,-45,-47,-56,-16,-21,-47,-41,-42,-72,-39,16,-43,-34,-2,-6,22,-49,10,-102,-56,-203
-52,-28,-40,-33,-44,-15,-25,-36,-29,-28,-65,-41,2,-36,-23,13,1,17,-37,9,-91,-56,-191
-30,-8,-28,-11,-26,-14,-22,-19,-16,-4,-48,-35,-13,-22,-6,34,11,9,-17,14,-69,-49,-179
0,17,-13,12,-5,-7,-11,1,-1,25,-25,-22,-20,-3,15,59,22,3,6,22,-38,-35,-171
30,42,3,35,18,9,8,21,17,53,1,-5,-18,15,36,84,32,3,32,31,0,-14,-170
52,60,18,56,38,29,28,36,34,74,24,12,-10,30,52,102,39,7,59,38,36,11,-176
60,64,27,70,55,47,39,43,45,83,38,26,-2,36,60,109,38,10,83,40,62,32,-184
54,56,31,74,66,57,39,42,51,83,46,34,4,36,60,106,29,10,97,36,75,45,-192
39,37,30,64,69,55,32,36,54,76,52,33,6,31,51,94,15,4,101,25,78,49,-197
19,9,22,41,62,39,21,24,49,62,54,24,1,23,30,74,-4,-11,92,6,72,43,-201
-2,-20,8,11,46,17,11,10,38,44,52,13,-5,11,3,48,-24,-28,75,-15,61,32,-200
-15,-41,-10,-17,30,1,9,2,26,27,46,8,-5,0,-21,26,-40,-37,53,-31,50,23,-194
-23,-54,-29,-40,13,-8,10,0,14,10,34,7,-2,-12,-42,8,-52,-39,27,-40,38,16,-184
-32,-64,-46,-58,-8,-18,9,-1,-3,-11,14,2,-1,-27,-61,-12,-64,-38,-3,-45,21,7,-175
-37,-66,-54,-65,-23,-23,9,1,-20,-28,-8,0,5,-38,-73,-26,-67,-33,-25,-42,4,2,-169
-29,-52,-42,-55,-24,-14,15,12,-22,-30,-16,8,23,-36,-68,-26,-53,-13,-30,-27,-1,7,-162
-11,-27,-16,-33,-13,6,24,27,-10,-18,-7,19,49,-22,-49,-15,-26,14,-19,-5,6,16,-158
6,-4,14,-14,-2,24,27,35,5,-2,9,25,68,-7,-30,-4,4,36,-3,14,15,22,-159
20,17,45,5,10,38,23,37,16,15,28,29,76,12,-9,8,32,51,14,31,23,25,-161
37,42,77,29,25,54,21,43,27,36,50,38,79,37,19,28,61,66,35,49,31,29,-147
54,69,105,56,41,69,21,51,38,58,70,49,77,63,49,54,85,78,52,66,37,33,-99
67,90,123,80,54,79,20,58,46,74,79,56,74,82,74,77,99,83,61,80,38,37,6
83,109,137,106,70,94,28,70,58,87,85,65,79,100,96,98,112,88,68,92,40,48,194
107,134,150,137,96,118,50,93,83,106,96,80,97,121,120,121,130,99,82,108,54,68,478
135,157,157,168,128,147,78,121,118,126,108,96,118,139,141,140,148,111,101,121,76,89,840
155,168,156,187,151,166,99,140,148,139,117,104,128,146,152,147,157,112,113,126,94,101,1219
163,166,147,194,162,168,109,146,164,143,120,101,120,143,151,142,154,102,115,121,105,103,1501
156,152,131,186,158,151,108,139,166,136,115,89,95,128,140,129,139,84,108,110,107,98,1531
131,123,103,159,137,116,92,115,149,116,98,65,59,97,114,109,109,60,88,87,97,83,1173
87,77,60,110,96,63,59,69,111,81,65,27,15,48,72,80,62,27,54,51,72,57,376
26,18,4,40,35,-5,11,7,52,31,16,-23,-34,-13,15,40,5,-13,6,3,33,22,-790
-44,-49,-62,-42,-36,-78,-46,-63,-19,-25,-43,-79,-84,-75,-48,-9,-54,-56,-50,-51,-18,-17,-2145
-107,-112,-126,-117,-104,-144,-99,-126,-86,-77,-100,-126,-129,-124,-104,-55,-104,-95,-103,-102,-68,-53,-3437
-151,-158,-170,-168,-156,-187,-131,-171,-133,-114,-138,-154,-159,-150,-141,-88,-137,-119,-142,-134,-104,-76,-4430
-170,-183,-188,-190,-190,-204,-141,-194,-156,-132,-155,-160,-173,-153,-157,-105,-149,-124,-164,-143,-122,-85,-4996
-170,-187,-182,-190,-201,-201,-136,-196,-161,-135,-154,-149,-171,-142,-159,-112,-148,-113,-171,-133,-124,-85,-5136
-160,-179,-160,-179,-194,-186,-126,-184,-157,-129,-143,-130,-157,-126,-153,-116,-138,-93,-165,-113,-114,-82,-4941
-147,-163,-133,-166,-178,-168,-118,-166,-151,-122,-128,-110,-137,-113,-146,-120,-124,-72,-150,-95,-101,-81,-4522
-135,-145,-108,-152,-161,-152,-116,-152,-149,-116,-114,-94,-117,-104,-138,-125,-110,-58,-134,-87,-91,-83,-3981
-122,-125,-90,-134,-144,-135,-116,-140,-145,-110,-100,-80,-99,-96,-128,-129,-94,-51,-117,-85,-84,-81,-3397
-105,-103,-79,-110,-126,-114,-112,-129,-133,-102,-82,-66,-83,-86,-114,-126,-75,-45,-99,-81,-78,-74,-2835
-86,-80,-69,-84,-109,-90,-102,-116,-110,-92,-63,-51,-65,-76,-100,-114,-55,-37,-83,-70,-75,-66,-2344
-65,-57,-55,-58,-90,-62,-86,-98,-80,-79,-45,-35,-45,-65,-85,-91,-34,-22,-68,-48,-70,-55,-1953
-41,-32,-35,-29,-63,-28,-64,-69,-47,-56,-25,-14,-20,-49,-66,-60,-9,0,-46,-11,-58,-39,-1652
-13,-4,-9,2,-26,8,-38,-26,-14,-24,-3,12,10,-28,-39,-25,19,29,-13,34,-39,-16,-1390
14,22,16,38,15,44,-9,22,18,10,21,40,40,-3,-6,13,48,57,25,77,-12,9,-1091
41,48,38,81,56,80,24,70,50,43,48,67,68,25,31,52,72,79,64,112,20,37,-696
66,74,55,127,94,114,60,112,84,71,73,90,91,53,66,86,89,92,98,138,56,66,-208
85,93,68,164,125,140,90,138,115,90,88,101,105,75,91,106,92,92,122,153,86,88,318
92,101,73,181,143,150,108,143,134,95,89,94,104,83,99,109,82,78,128,152,103,97,801
90,98,75,179,150,144,116,132,140,91,79,74,91,80,93,98,63,55,120,139,106,94,1177
86,90,77,161,149,126,116,116,135,85,66,51,72,71,81,80,43,32,106,117,100,86,1422
80,76,74,133,139,99,107,96,118,79,52,29,49,55,66,60,23,11,92,87,87,76,1549
68,58,60,99,121,66,92,73,93,70,39,12,27,32,47,43,5,-4,77,52,69,66,1600
49,36,39,63,99,34,73,47,67,58,28,3,11,6,26,29,-11,-13,58,20,52,57,1611
29,14,21,31,76,11,57,23,44,44,19,5,4,-17,5,19,-22,-14,40,-3,40,55,1609
12,-5,10,6,58,-4,49,4,27,31,10,13,6,-32,-12,11,-28,-11,25,-11,35,58,1610
0,-19,7,-11,45,-12,49,-10,13,19,4,23,13,-37,-24,3,-27,-8,13,-6,33,63,1624
-5,-30,8,-22,32,-19,53,-16,2,9,0,28,21,-34,-31,-9,-23,-8,2,4,31,65,1649
-4,-35,11,-29,19,-24,58,-16,-8,1,-3,28,27,-26,-31,-22,-18,-11,-7,12,27,60,1677
3,-32,15,-29,9,-25,62,-8,-13,2,-4,29,34,-11,-24,-28,-11,-11,-10,18,26,50,1702
15,-19,23,-19,9,-18,62,2,-9,13,0,36,43,8,-8,-22,1,-1,-3,23,30,37,1723
27,2,35,-4,14,-3,58,11,2,31,8,50,54,29,10,-7,18,19,7,26,36,22,1743
38,25,53,15,23,18,51,19,14,50,21,70,64,49,30,15,38,42,19,28,40,8,1768
48,50,75,35,35,41,44,28,26,67,38,91,75,67,49,40,62,62,35,32,40,-1,1804
59,71,94,54,47,59,38,38,37,77,54,103,84,79,65,60,86,73,54,38,37,-5,1857
68,86,101,65,51,72,34,50,47,78,64,102,88,82,76,69,106,74,70,44,34,-1,1925
76,96,98,72,51,83,33,65,60,73,67,89,90,82,85,72,120,73,83,52,36,10,2006
85,104,91,79,56,94,40,83,78,70,65,72,94,83,96,77,131,76,97,66,48,28,2097
93,111,85,88,68,105,50,100,100,73,59,58,98,88,107,87,135,84,111,83,69,48,2197
93,113,81,97,82,111,59,110,119,77,49,48,96,93,115,97,132,92,120,96,89,65,2307
84,109,76,99,93,103,63,110,128,78,36,39,85,94,115,103,118,90,118,99,100,75,2421
67,96,66,94,97,81,62,102,125,72,22,31,66,86,107,102,95,74,105,90,96,76,2536
48,77,54,82,94,53,60,90,115,61,14,23,44,72,92,92,65,47,84,74,85,75,2651
33,58,43,69,86,33,63,81,106,51,14,18,28,56,77,79,37,21,63,57,76,80,2766
28,42,36,57,81,27,73,76,100,47,23,18,22,41,67,65,16,2,44,45,70,90,2880
28,32,33,43,80,31,84,72,93,47,36,19,26,28,59,53,0,-10,28,35,65,99,2992
32,24,30,25,82,38,92,61,80,49,42,20,34,16,51,39,-13,-17,14,22,58,100,3102
35,20,27,4,80,37,92,41,62,50,37,20,39,7,41,24,-24,-17,0,3,50,91,3206
34,18,20,-18,72,21,84,12,41,44,21,18,39,0,30,7,-32,-14,-12,-19,41,74,3295
31,17,10,-37,60,-4,73,-20,19,33,3,15,33,-3,19,-8,-36,-9,-22,-39,29,53,3358
31,17,5,-48,45,-28,63,-43,3,19,-9,14,24,-1,11,-15,-35,-1,-28,-48,18,39,3388
33,19,6,-46,34,-40,58,-50,-5,10,-9,19,18,5,10,-14,-28,10,-27,-42,9,34,3379
37,23,12,-34,29,-38,56,-39,-6,7,4,28,15,14,14,-8,-13,20,-19,-26,0,36,3322
42,29,19,-15,33,-23,54,-16,-4,11,24,41,17,22,21,-1,7,26,-9,-5,-10,38,3215
48,38,26,7,39,0,49,11,-3,19,41,55,23,32,29,3,28,30,4,15,-18,37,3060
52,50,30,30,42,23,45,35,-4,27,51,67,34,44,36,3,46,36,17,30,-19,29,2862
54,62,33,52,39,43,41,51,-4,31,52,75,48,57,40,1,60,43,29,41,-14,14,2629
52,70,36,68,30,59,36,56,-2,31,45,76,57,68,44,3,70,51,43,51,-4,-2,2370
47,73,41,79,19,69,29,57,3,28,32,69,59,72,48,10,74,57,58,60,8,-15,2096
38,71,44,82,10,73,19,56,11,24,15,57,52,68,51,21,74,58,69,64,18,-21,1813
25,62,41,77,6,70,5,55,20,17,0,41,35,55,51,29,70,50,76,61,22,-22,1523
13,51,30,68,7,62,-10,55,30,10,-9,24,15,39,48,34,62,34,78,52,20,-18,1230
9,43,17,58,11,55,-21,54,40,6,-11,8,-1,26,45,37,52,16,74,40,17,-10,940
11,39,4,50,14,48,-22,54,45,2,-8,-7,-10,22,42,37,42,1,63,28,15,-1,657
15,34,-11,42,14,36,-17,48,41,-1,-6,-20,-15,22,37,33,29,-12,48,16,13,6,390
16,26,-25,31,10,17,-11,35,27,-3,-7,-31,-21,22,32,25,12,-22,30,3,11,9,149
11,14,-38,16,3,-7,-6,16,8,-2,-14,-40,-32,18,24,15,-8,-30,12,-15,11,8,-63
-2,-5,-52,-3,-5,-35,-4,-9,-15,-3,-27,-48,-51,4,10,0,-31,-37,-5,-41,11,5,-248
-23,-30,-73,-28,-15,-67,-6,-40,-39,-9,-42,-53,-75,-20,-11,-21,-57,-47,-23,-70,7,-4,-410
-47,-60,-95,-56,-30,-97,-12,-74,-63,-21,-57,-57,-98,-50,-37,-45,-85,-60,-44,-98,-1,-16,-551
-69,-88,-111,-88,-51,-121,-20,-104,-82,-38,-67,-65,-116,-77,-64,-65,-110,-76,-64,-116,-13,-30,-673
-87,-111,-117,-119,-76,-140,-29,-127,-98,-60,-76,-76,-126,-99,-88,-83,-128,-90,-83,-125,-28,-47,-779
-102,-127,-114,-146,-100,-154,-43,-143,-114,-82,-86,-89,-130,-113,-106,-99,-139,-102,-101,-124,-46,-64,-868
-109,-135,-103,-164,-119,-160,-59,-150,-129,-102,-95,-97,-128,-116,-115,-111,-143,-108,-115,-114,-65,-79,-942
-107,-132,-86,-170,-130,-153,-73,-148,-137,-113,-101,-98,-121,-107,-114,-117,-137,-105,-123,-97,-81,-89,-997
-95,-120,-69,-164,-133,-137,-86,-143,-139,-117,-102,-94,-113,-93,-107,-121,-124,-94,-128,-81,-95,-99,-1036
-82,-106,-60,-153,-133,-122,-98,-141,-139,-116,-100,-85,-108,-80,-100,-125,-108,-81,-134,-71,-108,-110,-1061
-74,-95,-60,-144,-135,-111,-110,-139,-138,-114,-97,-76,-104,-71,-95,-125,-93,-70,-138,-66,-124,-124,-1074
-72,-87,-64,-137,-138,-104,-122,-135,-134,-109,-96,-71,-102,-65,-91,-120,-77,-62,-138,-62,-138,-139,-1076
-76,-83,-70,-131,-141,-100,-131,-125,-125,-105,-98,-70,-101,-62,-88,-111,-64,-56,-134,-62,-150,-152,-1071
-81,-78,-73,-121,-141,-93,-136,-110,-112,-99,-100,-69,-100,-59,-82,-97,-53,-47,-123,-61,-153,-152,-1060
-77,-62,-66,-96,-130,-73,-126,-85,-89,-84,-93,-60,-88,-46,-65,-71,-36,-29,-100,-47,-140,-131,-1044
-58,-32,-47,-57,-107,-39,-101,-49,-55,-58,-73,-44,-65,-20,-35,-35,-11,-3,-69,-16,-110,-94,-1025
-33,2,-28,-17,-79,-3,-70,-15,-20,-32,-50,-28,-40,9,-6,-2,14,19,-42,18,-72,-55,-1006
-16,24,-20,8,-56,18,-46,2,3,-19,-35,-24,-25,27,12,15,25,24,-27,40,-42,-31,-990
-14,27,-24,11,-43,16,-37,0,11,-21,-37,-33,-25,26,14,16,17,9,-25,43,-26,-27,-979
-25,11,-39,-3,-39,-4,-42,-17,6,-37,-55,-51,-39,9,3,5,-4,-19,-34,29,-25,-40,-967
-44,-15,-63,-24,-41,-36,-57,-45,-8,-57,-83,-73,-65,-22,-18,-13,-33,-54,-47,-2,-35,-60,-951
-66,-42,-89,-48,-47,-71,-77,-76,-27,-76,-111,-94,-97,-58,-41,-33,-63,-88,-60,-42,-51,-75,-927
-81,-63,-107,-66,-54,-102,-90,-98,-44,-86,-128,-109,-124,-89,-58,-46,-86,-113,-66,-79,-62,-80,-894
-90,-74,-117,-77,-61,-124,-90,-105,-56,-85,-130,-117,-138,-107,-68,-53,-97,-125,-66,-103,-63,-75,-856
-96,-79,-124,-85,-69,-137,-79,-103,-64,-79,-122,-122,-140,-114,-74,-59,-101,-128,-66,-116,-56,-67,-821
-102,-86,-129,-98,-79,-145,-65,-98,-74,-78,-113,-127,-136,-115,-81,-70,-107,-129,-71,-123,-49,-62,-792
-106,-95,-128,-114,-92,-147,-51,-92,-84,-84,-105,-130,-130,-112,-88,-84,-116,-126,-83,-127,-43,-62,-767
-106,-104,-119,-127,-103,-143,-40,-87,-92,-93,-100,-128,-121,-107,-93,-97,-122,-118,-99,-126,-39,-63,-744
-101,-111,-102,-133,-109,-135,-36,-86,-98,-99,-99,-120,-112,-101,-97,-106,-123,-106,-116,-121,-42,-62,-721
-93,-117,-80,-137,-109,-127,-44,-90,-102,-104,-101,-112,-103,-98,-102,-115,-119,-94,-132,-116,-51,-63,-698
-86,-121,-57,-136,-105,-118,-56,-91,-99,-107,-103,-104,-93,-98,-107,-125,-109,-85,-141,-109,-61,-68,-676
-82,-120,-38,-129,-100,-105,-67,-87,-89,-105,-101,-92,-79,-95,-108,-130,-92,-75,-140,-98,-68,-75,-657
-82,-115,-27,-118,-96,-90,-75,-83,-74,-100,-96,-80,-62,-88,-107,-131,-73,-65,-130,-84,-70,-86,-644
-89,-109,-27,-108,-96,-75,-81,-81,-62,-95,-92,-69,-48,-80,-103,-130,-58,-55,-119,-73,-73,-100,-634
-99,-104,-31,-103,-104,-64,-86,-82,-57,-92,-89,-60,-39,-71,-97,-124,-49,-46,-111,-64,-79,-114,-623
-107,-97,-37,-97,-113,-56,-92,-81,-59,-89,-86,-50,-34,-61,-88,-111,-43,-36,-103,-55,-89,-121,-608
-108,-86,-41,-88,-116,-48,-97,-76,-64,-83,-82,-39,-30,-50,-76,-91,-36,-21,-91,-44,-97,-120,-590
-95,-67,-38,-71,-102,-36,-95,-60,-61,-67,-70,-25,-20,-35,-60,-61,-21,-1,-69,-29,-93,-107,-571
-65,-36,-24,-38,-69,-12,-77,-27,-40,-38,-46,-5,2,-10,-33,-18,7,25,-31,-4,-70,-76,-551
-27,0,-5,4,-24,19,-45,18,-5,-6,-16,17,30,22,0,30,40,49,18,26,-31,-36,-535
1,24,5,37,14,42,-15,55,26,13,4,29,47,45,25,66,59,57,57,48,6,-2,-525
7,24,-1,47,31,43,1,70,41,11,2,18,45,48,32,78,53,41,71,51,27,15,-523
-7,8,-20,35,31,27,4,66,42,-3,-15,-6,27,33,25,68,26,6,65,37,30,18,-521
-29,-12,-42,10,22,5,0,55,35,-17,-35,-32,0,6,10,44,-9,-34,50,15,24,14,-517
-52,-29,-61,-20,16,-19,-6,41,24,-25,-51,-52,-28,-24,-7,18,-43,-69,37,-8,16,6,-510
-67,-42,-72,-48,15,-38,-9,26,13,-22,-55,-65,-50,-48,-24,-3,-69,-93,26,-33,10,-7,-499
-71,-48,-72,-68,18,-47,-5,13,7,-9,-44,-66,-63,-62,-38,-16,-83,-103,20,-54,10,-19,-487
-69,-51,-63,-78,21,-47,2,3,2,3,-23,-56,-69,-66,-46,-22,-84,-101,15,-69,11,-27,-473
-68,-57,-53,-86,16,-43,6,-7,-8,4,-3,-43,-73,-64,-52,-29,-77,-95,4,-79,6,-32,-458
-68,-65,-44,-92,2,-40,7,-18,-20,-5,12,-31,-72,-59,-54,-38,-67,-88,-13,-84,-5,-33,-445
-61,-66,-36,-88,-11,-34,10,-22,-27,-13,24,-17,-61,-48,-50,-44,-53,-76,-27,-78,-16,-25,-435
-46,-57,-24,-73,-16,-26,18,-18,-24,-12,33,2,-39,-30,-37,-47,-32,-57,-31,-61,-23,-8,-426
-31,-47,-15,-59,-19,-22,22,-13,-22,-11,35,18,-17,-15,-27,-52,-16,-39,-30,-41,-30,8,-419
-24,-45,-14,-54,-27,-27,15,-14,-30,-16,26,25,-6,-11,-28,-64,-16,-27,-34,-32,-43,9,-415
-26,-50,-19,-58,-42,-38,-2,-22,-46,-28,12,23,-3,-17,-41,-83,-29,-20,-46,-34,-59,-3,-412
-32,-54,-24,-63,-56,-44,-25,-31,-60,-41,-1,21,-5,-28,-56,-101,-42,-13,-60,-40,-76,-22,-404
-37,-52,-24,-62,-65,-36,-47,-37,-68,-51,-9,21,-8,-38,-65,-108,-48,-3,-69,-44,-90,-38,-392
-38,-42,-18,-54,-67,-18,-62,-36,-68,-56,-12,21,-9,-46,-65,-100,-45,5,-71,-41,-98,-50,-379
-33,-27,-10,-37,-63,5,-68,-29,-61,-54,-12,20,-6,-47,-56,-79,-35,10,-64,-28,-98,-55,-367
-29,-15,-5,-20,-59,24,-69,-23,-51,-48,-14,13,-5,-46,-44,-57,-25,11,-53,-13,-92,-56,-360
-33,-12,-11,-13,-61,31,-69,-23,-45,-48,-20,0,-10,-48,-36,-42,-22,6,-44,-5,-80,-59,-356
-43,-15,-20,-12,-66,31,-66,-23,-40,-50,-26,-13,-19,-47,-30,-31,-21,2,-36,0,-60,-57,-353
-42,-11,-23,-5,-63,31,-50,-12,-25,-44,-23,-15,-17,-33,-16,-15,-15,10,-19,11,-27,-42,-346
-25,7,-14,15,-44,39,-23,13,4,-24,-9,-2,-1,-8,7,11,2,35,9,30,14,-11,-333
3,30,2,43,-11,50,9,47,42,3,10,20,22,18,32,45,23,66,44,51,53,26,-315
29,50,17,70,25,58,41,80,76,29,28,42,43,35,52,77,40,87,77,65,83,63,-295
46,58,21,83,54,56,64,99,98,45,40,55,54,38,61,96,44,88,100,67,98,92,-277
46,46,11,74,65,39,69,93,101,46,40,51,47,22,51,90,31,65,102,49,94,101,-262
27,18,-9,42,54,10,51,61,84,31,27,31,21,-9,24,59,1,22,79,13,72,87,-250
3,-14,-27,0,27,-22,20,15,53,8,7,4,-14,-42,-9,15,-33,-28,40,-28,41,59,-240
-12,-37,-32,-36,-2,-46,-13,-26,19,-12,-10,-18,-44,-64,-34,-28,-62,-71,0,-59,9,29,-230
-16,-47,-26,-60,-27,-60,-43,-54,-13,-23,-24,-31,-65,-72,-51,-60,-81,-100,-34,-79,-19,2,-219
-17,-51,-18,-74,-49,-69,-64,-71,-43,-34,-37,-36,-77,-73,-61,-81,-91,-112,-61,-90,-44,-24,-210
-20,-56,-17,-85,-67,-79,-74,-81,-71,-46,-48,-37,-80,-73,-69,-92,-95,-110,-83,-96,-61,-46,-204
-28,-63,-22,-94,-83,-91,-74,-87,-94,-60,-56,-36,-76,-73,-76,-94,-93,-98,-98,-96,-73,-65,-201
-37,-72,-33,-105,-97,-103,-67,-93,-110,-73,-62,-37,-66,-70,-82,-92,-88,-79,-109,-92,-78,-81,-198
-47,-83,-51,-114,-112,-113,-59,-101,-122,-84,-68,-41,-52,-67,-89,-89,-81,-60,-116,-88,-82,-95,-194
-59,-94,-73,-121,-126,-119,-59,-110,-132,-91,-76,-47,-39,-66,-97,-87,-76,-45,-120,-85,-87,-106,-189
-73,-103,-95,-124,-137,-117,-69,-115,-138,-94,-86,-51,-30,-68,-105,-86,-70,-38,-121,-82,-93,-111,-184
-85,-105,-108,-116,-137,-105,-80,-111,-131,-90,-93,-47,-23,-67,-104,-81,-57,-33,-114,-72,-95,-105,-177
-86,-92,-106,-93,-120,-79,-83,-96,-107,-76,-91,-35,-13,-55,-90,-67,-33,-22,-99,-53,-85,-86,-167
-74,-67,-87,-57,-90,-46,-75,-69,-70,-55,-79,-17,2,-34,-64,-46,2,-4,-75,-23,-64,-60,-156
-51,-32,-56,-16,-55,-12,-60,-37,-27,-30,-60,1,18,-7,-31,-21,38,16,-46,12,-39,-34,-145
-20,5,-18,25,-22,21,-38,-4,16,-5,-36,16,37,23,5,6,68,35,-12,46,-12,-12,-136
11,39,12,60,4,50,-15,25,51,18,-14,25,53,48,36,31,88,48,21,70,11,5,-128
30,59,23,78,17,66,-3,41,71,28,-2,23,59,55,53,48,89,49,45,76,22,11,-123
30,58,15,76,17,64,-5,45,77,22,-4,10,51,42,53,53,72,38,56,67,18,9,-121
21,47,-2,65,15,52,-10,42,77,11,-11,-6,37,23,45,53,47,25,57,54,13,7,-118
12,35,-15,53,20,35,-8,38,74,3,-19,-20,23,9,39,51,24,14,54,43,15,9,-112
-2,19,-27,37,24,9,-5,24,60,-4,-31,-35,5,-5,28,43,2,-1,42,28,18,8,-105
-27,-8,-44,12,20,-32,-7,-5,33,-17,-49,-55,-21,-26,7,25,-25,-26,18,5,13,1,-100
-55,-40,-61,-17,6,-75,-12,-40,-2,-34,-63,-76,-51,-50,-19,3,-53,-56,-13,-21,3,-7,-96
-77,-65,-71,-42,-9,-107,-10,-68,-30,-47,-64,-89,-74,-68,-39,-15,-70,-83,-39,-44,-2,-10,-92
-85,-79,-74,-59,-22,-123,-4,-86,-46,-55,-52,-88,-85,-75,-49,-29,-75,-98,-58,-60,-3,-5,-85
-79,-82,-73,-70,-32,-124,3,-91,-52,-58,-31,-75,-84,-70,-51,-39,-73,-102,-69,-71,-5,2,-75
-61,-75,-65,-75,-38,-110,5,-84,-52,-54,-5,-53,-74,-54,-48,-44,-69,-91,-72,-75,-9,9,-64
-32,-59,-50,-72,-40,-82,3,-70,-50,-41,18,-28,-55,-28,-41,-45,-63,-70,-68,-73,-12,13,-54
-2,-38,-29,-62,-39,-48,-1,-55,-47,-25,34,-6,-31,-3,-34,-43,-54,-45,-58,-68,-16,13,-49
17,-20,-11,-49,-40,-16,-9,-47,-43,-11,41,12,-9,12,-30,-38,-44,-24,-47,-60,-20,8,-45
23,-9,2,-37,-43,9,-19,-41,-39,-4,43,24,7,17,-27,-30,-32,-8,-37,-50,-23,0,-43
19,-4,9,-26,-47,25,-25,-35,-30,-4,42,33,19,17,-25,-21,-18,3,-29,-39,-20,-6,-41
11,-2,9,-19,-51,31,-28,-30,-21,-7,37,40,27,11,-26,-16,-4,9,-25,-32,-15,-13,-38
-1,-8,1,-16,-58,26,-36,-28,-17,-16,23,45,25,-3,-32,-20,4,9,-27,-32,-15,-26,-34
-14,-17,-10,-16,-66,16,-49,-23,-20,-25,3,44,14,-22,-41,-30,5,5,-31,-35,-24,-43,-30
-20,-22,-13,-12,-68,15,-59,-8,-21,-29,-12,40,3,-35,-45,-38,7,5,-27,-30,-33,-52,-27
-12,-12,-2,6,-57,29,-55,21,-8,-22,-14,39,4,-33,-32,-33,19,14,-8,-10,-33,-47,-23
5,12,20,37,-33,56,-36,59,21,-5,-3,44,18,-15,-2,-12,40,30,24,25,-20,-29,-18
25,40,42,68,-2,83,-9,95,55,15,18,51,39,14,34,18,61,45,58,61,0,-4,-13
38,63,51,90,25,100,14,119,84,29,40,51,56,42,62,45,73,52,83,83,22,19,-12
39,70,45,96,39,101,26,123,99,35,55,42,61,57,72,58,71,45,91,86,38,34,-15
29,62,28,89,42,90,29,109,99,34,61,26,54,54,64,56,59,26,85,73,50,39,-20
16,46,9,73,40,73,29,91,88,32,63,10,39,40,49,46,42,6,73,56,60,40,-24
5,28,-4,54,40,57,34,74,76,31,62,-1,23,22,35,37,25,-8,61,40,70,43,-24
2,16,-11,38,47,42,46,61,68,35,60,-3,11,8,29,34,11,-12,52,29,78,50,-21
8,12,-10,24,58,27,64,52,63,41,57,4,6,0,31,38,-1,-5,45,19,81,58,-17
17,12,-5,10,67,10,78,42,55,49,51,13,3,-5,31,42,-13,5,35,4,78,62,-13
23,11,-1,-4,69,-8,80,28,42,53,43,18,-1,-9,26,39,-23,8,23,-17,68,59,-11
25,6,4,-17,63,-23,72,16,24,55,37,20,-6,-9,16,31,-28,3,12,-34,55,53,-8
26,-1,10,-24,53,-31,59,9,6,57,36,23,-5,-5,5,20,-24,-4,4,-39,44,46,-6
26,-7,16,-24,41,-32,46,7,-10,57,42,28,2,4,-2,12,-14,-7,2,-30,37,38,-3
29,-9,26,-15,32,-26,38,11,-18,57,53,42,16,18,-3,12,1,0,7,-7,35,30,0
35,-4,38,0,27,-17,38,16,-20,55,68,62,33,33,4,21,20,16,15,21,37,23,4
40,3,47,14,19,-12,37,17,-21,48,77,77,45,41,10,30,35,33,21,43,35,12,7
41,10,49,23,8,-9,30,8,-21,35,77,81,47,42,11,32,43,47,19,52,30,-3,8
40,18,45,29,-4,-2,19,-1,-16,21,69,75,43,40,10,28,46,55,14,51,24,-15,8
37,26,36,34,-13,11,6,-4,-4,11,59,62,40,38,9,18,48,57,11,51,16,-21,5
33,34,25,40,-16,30,-7,4,15,9,50,47,43,37,11,7,49,56,12,53,8,-19,0
31,45,18,52,-9,54,-15,24,37,16,44,40,55,40,18,1,50,57,19,61,5,-11,-6
33,59,18,70,7,77,-12,52,60,29,41,42,71,43,30,6,55,56,33,73,8,3,-11
38,71,26,87,26,93,-3,82,80,42,41,49,81,42,42,18,64,52,53,84,18,18,-15
44,78,40,98,44,100,8,103,92,52,40,56,79,40,51,36,75,45,75,89,34,31,-17
50,77,51,101,58,99,17,114,98,58,36,60,65,38,56,54,83,37,94,85,52,39,-17
55,71,55,100,68,92,23,114,98,61,33,58,44,37,57,66,86,28,109,76,71,42,-14
58,63,51,98,78,84,26,109,98,64,34,53,26,37,57,73,83,20,119,67,84,43,-10
61,57,43,94,90,75,25,100,96,67,41,47,14,37,57,73,73,13,121,57,88,44,-4
59,50,29,87,97,64,20,83,87,67,47,35,5,34,54,67,53,1,110,44,81,42,1
49,39,10,74,94,45,12,58,69,58,45,16,-7,25,44,52,25,-21,85,24,65,34,5
33,25,-9,58,80,23,4,25,47,43,35,-6,-23,11,31,33,-2,-47,55,-3,45,22,5
19,10,-21,40,59,2,-2,-7,24,28,23,-25,-39,0,18,15,-19,-65,25,-29,30,10,3
8,-5,-25,22,33,-17,-8,-36,1,15,11,-37,-53,-8,8,-2,-27,-75,0,-52,18,0,0
0,-17,-24,5,3,-34,-12,-60,-21,6,1,-42,-61,-13,1,-19,-29,-76,-20,-68,7,-9,-4
-4,-24,-21,-12,-25,-49,-13,-74,-41,-1,-6,-41,-63,-14,-3,-34,-27,-68,-34,-76,-5,-17,-7
-7,-28,-15,-27,-48,-60,-12,-80,-58,-7,-11,-35,-60,-12,-5,-46,-23,-56,-43,-78,-21,-24,-11
-11,-33,-7,-42,-67,-69,-12,-84,-74,-12,-15,-29,-58,-10,-10,-56,-21,-43,-51,-78,-40,-34,-15
-14,-34,4,-51,-78,-70,-12,-83,-82,-14,-18,-22,-54,-6,-14,-62,-18,-29,-53,-75,-53,-43,-21
-7,-23,20,-47,-72,-53,-8,-69,-76,-6,-14,-8,-40,8,-8,-58,-4,-5,-43,-61,-53,-42,-25
16,4,46,-27,-46,-16,0,-39,-54,16,1,15,-14,35,11,-39,22,31,-22,-35,-37,-27,-26
46,38,75,0,-11,28,7,-2,-25,41,20,38,14,65,35,-13,50,69,0,-5,-16,-4,-25
70,65,96,23,22,65,8,32,1,56,35,55,36,86,56,11,69,97,15,21,0,14,-25
83,83,104,42,50,90,9,59,22,60,44,63,50,97,71,31,78,111,27,40,11,25,-24
84,91,101,57,70,102,12,80,39,55,48,65,57,98,79,47,79,115,38,52,19,29,-22
73,89,89,67,81,101,18,89,52,46,47,59,58,91,80,58,75,111,51,56,24,27,-22
58,83,71,74,85,92,27,92,60,36,42,48,56,76,75,65,68,103,68,58,29,26,-26
49,79,53,80,86,85,38,94,68,32,38,37,56,62,72,73,64,93,87,63,38,32,-29
46,76,37,85,86,78,48,96,76,35,34,27,57,50,70,82,61,81,102,69,47,44,-34
41,68,22,83,82,66,52,92,79,40,24,16,52,35,64,89,52,63,104,67,52,51,-40
35,54,11,73,74,48,49,82,76,43,9,7,38,18,54,90,35,37,96,59,51,48,-46
33,44,7,66,72,33,46,75,73,49,2,4,26,8,49,90,22,15,90,52,55,45,-44
39,48,14,68,77,28,55,78,76,64,11,12,24,16,58,93,18,10,95,53,73,51,-33
53,62,30,74,86,29,72,83,82,84,31,25,31,38,75,99,22,19,107,61,98,65,-14
66,75,45,74,91,27,87,83,81,97,49,33,35,62,89,99,29,30,114,66,115,81,6
74,78,52,64,88,19,91,72,69,100,60,33,31,81,93,93,33,33,109,62,116,92,24
75,71,50,46,78,5,87,52,50,94,62,29,22,91,85,82,35,27,89,48,103,97,36
67,52,41,24,62,-11,74,24,26,79,52,22,6,86,66,63,31,12,55,26,77,92,43
49,25,29,-2,41,-28,52,-7,0,57,32,13,-12,67,37,32,21,-8,13,-1,40,75,45
28,-1,21,-19,17,-36,31,-27,-20,34,10,9,-25,41,9,-2,11,-22,-22,-19,7,53,48
15,-14,23,-19,-2,-29,22,-31,-25,21,1,15,-23,22,-5,-25,9,-21,-42,-19,-9,37,59
11,-11,33,-6,-13,-11,25,-22,-17,21,4,30,-6,17,-5,-33,19,-4,-45,-2,-7,28,80
12,0,40,12,-17,10,32,-4,-3,30,13,49,18,22,4,-28,37,21,-37,22,0,22,109
14,13,40,27,-18,26,36,15,10,42,21,62,41,32,13,-17,58,46,-24,45,7,15,143
11,21,30,33,-21,35,31,25,14,46,22,64,54,38,16,-4,73,59,-15,56,9,4,177
0,19,12,27,-28,36,17,23,9,38,15,52,53,39,8,4,76,56,-14,52,5,-10,203
-15,10,-6,14,-35,34,-4,13,-1,23,1,31,42,34,-4,8,69,45,-19,40,-4,-27,217
-23,4,-13,4,-38,34,-24,2,-6,10,-14,10,31,28,-10,13,61,34,-20,33,-8,-38,219
-17,9,-4,6,-30,39,-36,-3,-1,8,-22,-2,27,28,-2,28,58,28,-12,37,-4,-38,209
3,28,13,22,-6,46,-35,2,16,22,-18,-4,30,36,21,54,64,31,7,50,8,-23,191
27,53,25,48,25,50,-26,11,37,42,-9,1,34,43,48,82,71,40,30,63,20,-2,166
40,68,23,67,49,42,-17,15,49,55,-7,2,27,38,64,96,69,44,44,61,24,11,134
37,65,7,71,54,21,-14,8,45,52,-16,-7,2,18,59,89,50,32,43,39,17,11,93
24,48,-12,60,42,-5,-16,-6,31,39,-31,-22,-32,-9,40,70,20,6,30,1,9,3,49
14,28,-24,43,28,-26,-19,-20,19,27,-44,-33,-61,-30,18,51,-11,-21,18,-34,8,-4,6
12,15,-22,27,23,-38,-18,-26,17,23,-49,-33,-75,-38,3,41,-33,-39,13,-55,15,-1,-32
18,8,-11,12,27,-43,-14,-23,22,23,-43,-27,-76,-33,-1,40,-44,-48,15,-60,25,12,-62
21,1,-5,-4,35,-50,-11,-19,26,18,-35,-24,-73,-22,-2,38,-53,-54,15,-58,29,26,-84
11,-14,-12,-24,34,-61,-13,-26,18,2,-31,-28,-74,-17,-9,25,-64,-61,5,-58,18,32,-97
-9,-36,-29,-47,18,-75,-19,-44,-1,-25,-33,-38,-80,-18,-25,-1,-76,-70,-17,-62,-6,29,-105
-29,-57,-48,-67,-8,-86,-23,-65,-25,-52,-37,-48,-83,-23,-42,-33,-82,-77,-42,-64,-36,19,-111
-38,-70,-55,-78,-37,-86,-22,-79,-42,-69,-38,-51,-77,-24,-54,-60,-77,-74,-60,-59,-61,10,-113
-34,-68,-48,-75,-58,-74,-13,-83,-43,-69,-34,-41,-57,-21,-54,-71,-60,-56,-63,-45,-71,6,-116
-24,-55,-30,-62,-67,-58,-1,-76,-35,-57,-28,-22,-30,-17,-48,-65,-36,-27,-57,-27,-69,5,-125
-22,-46,-16,-50,-70,-47,5,-65,-31,-47,-25,-8,-7,-20,-45,-54,-15,1,-52,-16,-66,-1,-143
-29,-44,-10,-42,-69,-45,0,-55,-40,-43,-26,-5,5,-29,-50,-45,-4,18,-54,-17,-66,-16,-153
-34,-40,-4,-30,-60,-43,-6,-44,-51,-36,-25,-5,14,-32,-52,-36,5,28,-54,-19,-63,-31,-112
-20,-21,13,-5,-34,-27,-1,-23,-49,-17,-12,3,31,-16,-38,-18,24,40,-40,-7,-49,-32,43
13,13,38,32,7,3,14,12,-30,15,14,22,56,19,-8,8,52,57,-8,21,-24,-17,371
53,54,61,74,53,41,37,51,1,52,42,49,82,60,31,35,80,74,30,57,6,7,892
85,88,76,110,89,76,62,85,37,83,60,73,99,92,66,58,99,85,65,88,35,29,1541
92,102,71,127,101,93,74,101,61,96,59,82,97,99,83,66,101,81,82,103,52,38,2160
66,85,41,113,81,81,61,91,58,79,33,65,68,71,70,55,81,54,73,91,45,27,2546
20,44,-5,74,37,46,25,58,30,40,-9,27,19,21,36,32,45,11,44,60,15,0,2534
-22,4,-47,31,-9,6,-15,21,0,2,-48,-14,-28,-26,3,16,12,-28,17,27,-16,-26,2086
-40,-15,-67,3,-35,-19,-40,-2,-12,-15,-67,-40,-52,-49,-7,19,-1,-45,10,10,-31,-36,1325
-31,-7,-62,-3,-33,-24,-42,-3,-2,-7,-61,-45,-53,-42,6,43,5,-37,24,9,-21,-22,487
-3,18,-40,9,-10,-11,-24,14,20,17,-38,-33,-38,-13,33,78,22,-14,47,18,5,7,-191
27,45,-13,27,17,7,5,35,42,44,-11,-17,-18,19,57,107,35,9,63,24,34,38,-571
42,54,4,32,34,11,30,43,51,57,4,-11,-11,35,62,111,29,18,56,15,49,57,-653
34,37,4,16,32,-4,37,30,38,48,-2,-19,-23,27,42,85,0,10,22,-11,41,55,-545
8,0,-10,-17,12,-34,25,-1,5,19,-25,-35,-49,2,5,39,-42,-9,-28,-45,12,34,-386
-25,-42,-33,-56,-18,-68,3,-40,-34,-19,-53,-50,-77,-29,-34,-13,-82,-28,-81,-77,-26,2,-272
-56,-80,-60,-89,-50,-97,-20,-78,-70,-55,-75,-59,-95,-57,-66,-58,-107,-41,-123,-99,-59,-31,-225
-77,-104,-80,-111,-75,-116,-36,-109,-97,-80,-85,-61,-101,-77,-87,-85,-114,-45,-147,-109,-81,-57,-217
-87,-114,-86,-121,-93,-120,-45,-130,-114,-94,-84,-60,-94,-86,-98,-96,-105,-46,-151,-110,-91,-74,-220
-90,-113,-82,-123,-107,-114,-54,-142,-127,-101,-81,-63,-81,-90,-105,-99,-91,-50,-146,-109,-97,-87,-221
-94,-109,-72,-123,-117,-105,-66,-152,-136,-106,-81,-72,-69,-93,-112,-103,-83,-58,-142,-110,-103,-98,-222
-95,-100,-56,-119,-118,-93,-81,-153,-140,-108,-84,-83,-59,-93,-116,-106,-80,-65,-140,-109,-108,-103,-227
-86,-82,-31,-105,-109,-75,-90,-139,-133,-104,-82,-84,-51,-83,-109,-101,-72,-61,-134,-98,-107,-100,-231
-66,-55,-3,-79,-91,-52,-90,-107,-114,-90,-73,-71,-42,-62,-89,-87,-54,-45,-120,-73,-98,-90,-227
-39,-25,21,-45,-66,-27,-75,-62,-83,-70,-56,-49,-30,-38,-63,-66,-28,-22,-96,-37,-77,-71,-215
-10,1,41,-9,-35,-3,-48,-13,-45,-45,-35,-21,-12,-16,-34,-42,1,5,-64,3,-47,-46,-200
15,21,56,23,-4,17,-18,32,-8,-18,-14,4,12,-2,-10,-17,26,26,-26,38,-12,-19,-185
29,33,63,50,23,37,7,71,25,6,2,23,36,6,7,8,43,38,12,65,21,4,-169
33,38,62,70,45,57,23,100,51,23,14,32,55,8,18,35,52,41,45,83,50,26,-149
30,36,52,82,61,69,30,114,70,34,23,31,63,7,21,59,51,36,65,89,71,41,-122
19,28,32,78,66,68,24,110,76,35,28,19,54,3,17,70,39,21,69,84,79,45,-88
1,12,2,58,58,51,5,86,71,28,25,-1,27,-7,5,62,17,-2,56,65,72,35,-52
-20,-10,-32,28,40,22,-22,48,56,15,16,-26,-12,-24,-11,35,-13,-29,31,34,55,16,-22
-40,-33,-62,-5,18,-12,-47,5,35,0,2,-49,-51,-44,-27,-1,-44,-56,1,-3,34,-4,0
-54,-50,-84,-32,-2,-41,-64,-36,14,-12,-11,-64,-81,-63,-40,-35,-67,-76,-27,-39,13,-21,16
-60,-58,-90,-46,-14,-57,-69,-65,-4,-15,-19,-69,-97,-73,-47,-56,-76,-85,-46,-67,-3,-29,34
-55,-52,-78,-44,-16,-59,-58,-77,-14,-10,-15,-64,-102,-72,-45,-60,-69,-78,-53,-83,-9,-27,55
-43,-38,-51,-29,-10,-50,-35,-76,-18,2,0,-53,-94,-60,-36,-52,-50,-62,-51,-85,-5,-16,81
-31,-24,-19,-15,-4,-42,-10,-69,-24,12,17,-40,-77,-44,-28,-43,-32,-45,-47,-80,-1,-3,110
-27,-20,6,-9,-7,-41,2,-68,-35,12,26,-33,-60,-32,-27,-41,-22,-35,-49,-76,-6,5,142
-29,-26,21,-11,-19,-44,-3,-71,-51,2,21,-34,-49,-25,-34,-45,-21,-34,-59,-73,-20,5,179
-32,-33,28,-16,-33,-45,-16,-72,-63,-12,9,-36,-39,-19,-41,-50,-22,-37,-71,-66,-36,-1,222
-28,-36,30,-17,-39,-37,-27,-68,-67,-24,-3,-33,-22,-8,-44,-51,-19,-34,-79,-51,-48,-7,271
-20,-34,28,-17,-38,-24,-34,-62,-64,-33,-10,-25,-4,3,-43,-53,-15,-26,-85,-31,-54,-15,321
-14,-33,20,-22,-36,-11,-40,-59,-59,-42,-17,-19,10,6,-45,-59,-15,-17,-90,-13,-59,-30,371
-14,-34,7,-33,-33,-3,-41,-56,-57,-53,-23,-14,19,-3,-50,-68,-21,-10,-88,2,-63,-47,420
-17,-34,-9,-43,-29,2,-37,-50,-55,-63,-28,-8,29,-18,-55,-74,-30,-6,-76,15,-65,-59,470
-22,-32,-26,-50,-21,7,-29,-41,-49,-69,-33,-3,37,-35,-59,-72,-37,-7,-53,26,-64,-64,522
-28,-28,-41,-51,-11,12,-21,-28,-34,-71,-38,-4,42,-45,-59,-61,-41,-12,-23,34,-59,-62,577
-32,-17,-47,-39,5,22,-10,-7,-8,-65,-36,-4,47,-42,-50,-40,-35,-13,14,42,-43,-49,636
-27,4,-41,-12,27,40,10,27,30,-47,-23,5,57,-24,-29,-9,-15,-4,52,52,-11,-25,698
-17,26,-27,20,49,59,33,64,71,-22,-4,20,66,1,-3,24,9,13,83,61,27,5,758
-12,39,-15,40,62,71,49,89,100,-3,9,31,65,19,14,44,24,24,96,62,57,27,811
-14,38,-10,42,64,70,56,97,108,4,10,32,54,22,19,47,25,24,92,53,71,33,853
-11,33,-9,38,63,63,59,94,102,7,7,30,40,19,21,41,19,16,82,43,74,31,884
0,31,-7,35,65,56,63,87,92,12,6,29,30,17,24,32,13,8,75,36,74,29,905
10,26,-8,29,61,47,59,71,75,13,4,23,18,14,24,20,6,-6,68,23,66,26,916
7,10,-17,15,47,29,42,44,48,3,-2,9,0,3,15,0,-10,-29,50,-5,49,20,915
-5,-12,-27,-5,24,4,18,13,13,-11,-10,-8,-18,-8,-1,-21,-30,-52,25,-40,27,15,904
-21,-34,-34,-27,0,-20,-4,-14,-20,-23,-15,-21,-31,-17,-17,-37,-48,-67,-1,-70,7,13,885
-39,-57,-42,-50,-23,-43,-22,-40,-50,-34,-22,-30,-44,-26,-36,-51,-65,-77,-27,-93,-12,8,860
-57,-78,-54,-74,-43,-67,-37,-63,-75,-45,-29,-38,-58,-37,-56,-65,-82,-82,-53,-111,-33,-4,826
-64,-89,-64,-87,-55,-82,-45,-76,-89,-52,-32,-41,-65,-43,-69,-75,-93,-77,-70,-116,-47,-16,781
-56,-84,-67,-83,-57,-82,-44,-75,-87,-51,-27,-36,-62,-41,-71,-78,-90,-58,-71,-108,-52,-23,722
-38,-64,-61,-68,-51,-69,-40,-62,-71,-46,-15,-24,-51,-32,-64,-76,-75,-32,-57,-92,-48,-24,648
-20,-38,-44,-45,-42,-48,-34,-43,-49,-38,4,-7,-35,-18,-49,-70,-53,-9,-40,-72,-41,-19,559
-5,-12,-21,-21,-33,-24,-28,-24,-27,-27,22,9,-13,-2,-30,-62,-29,7,-25,-51,-33,-15,457
4,6,3,-1,-26,-4,-24,-11,-8,-16,32,20,6,11,-14,-55,-8,14,-17,-31,-28,-17,344
7,14,19,10,-24,6,-21,-6,5,-8,29,26,17,17,-5,-50,7,13,-15,-15,-30,-24,225
6,15,25,13,-26,6,-21,-6,11,-5,17,26,21,16,-3,-44,13,4,-18,-3,-37,-33,106
3,11,21,12,-36,1,-21,-8,10,-7,0,19,22,9,-8,-39,10,-7,-22,7,-44,-41,-8
2,6,13,12,-48,-2,-20,-6,8,-12,-15,8,25,0,-12,-33,3,-14,-21,18,-45,-44,-114
8,10,8,19,-50,7,-15,5,11,-9,-19,5,35,-1,-8,-22,2,-10,-7,35,-35,-34,-204
23,24,11,38,-38,30,-3,29,21,5,-6,11,53,10,7,-4,10,3,17,57,-12,-13,-277
40,41,19,62,-13,59,12,57,35,29,15,21,72,26,27,16,22,17,45,76,17,13,-337
54,54,28,84,20,82,28,83,49,54,34,30,82,37,45,32,35,28,68,85,42,37,-386
62,64,39,97,58,93,43,101,62,77,48,37,82,42,60,44,47,36,85,86,58,56,-427
66,73,53,102,93,93,57,114,74,94,58,44,76,45,71,56,55,39,97,85,71,71,-461
66,78,64,99,115,83,70,117,83,104,65,48,67,45,76,68,56,37,100,81,81,79,-487
59,74,65,84,119,64,77,103,84,100,63,45,54,41,72,72,46,29,93,71,86,79,-506
47,59,53,58,107,39,72,74,73,84,51,33,36,31,56,63,25,16,75,50,80,70,-519
32,35,32,24,84,12,55,34,52,60,33,13,16,17,31,45,-2,0,49,21,63,58,-527
16,8,8,-12,57,-12,34,-9,26,35,12,-11,-3,4,0,21,-29,-17,20,-12,40,45,-528
2,-16,-12,-43,33,-35,16,-47,1,12,-10,-33,-15,-6,-30,-3,-45,-33,-9,-42,16,32,-521
-7,-31,-22,-65,15,-52,3,-73,-18,-1,-24,-45,-18,-9,-49,-23,-47,-43,-32,-61,-5,20,-507
-12,-34,-20,-74,0,-59,-3,-81,-30,-5,-26,-46,-13,-3,-54,-32,-38,-45,-46,-65,-17,13,-486
-15,-29,-13,-70,-18,-57,-6,-79,-36,-6,-22,-39,-5,5,-50,-35,-25,-39,-53,-59,-25,5,-464
-17,-22,-7,-60,-40,-51,-10,-74,-42,-10,-17,-30,-1,9,-43,-36,-13,-29,-56,-50,-32,-6,-443
-18,-18,-3,-49,-64,-43,-15,-70,-49,-17,-13,-22,-2,6,-36,-38,-3,-13,-56,-40,-42,-19,-426
-16,-14,2,-37,-82,-30,-18,-64,-54,-24,-10,-13,-2,1,-29,-38,8,8,-49,-27,-50,-29,-413
-13,-9,9,-24,-88,-10,-15,-54,-52,-28,-6,-1,2,2,-18,-31,20,29,-35,-13,-53,-32,-402
-6,-2,16,-8,-78,15,-8,-39,-42,-25,0,16,15,11,-3,-15,35,48,-12,4,-47,-28,-389
5,11,28,9,-55,41,0,-14,-22,-14,11,38,35,28,20,8,51,63,18,25,-30,-16,-373
19,29,40,27,-26,66,7,18,5,2,25,59,57,47,46,36,66,74,50,46,-5,5,-356
30,44,46,39,-2,84,7,49,32,11,33,71,72,61,67,60,73,77,74,60,22,26,-340
36,53,42,42,14,89,1,68,53,10,28,67,74,62,75,72,67,72,83,62,40,38,-328
37,54,31,33,20,78,-8,71,64,3,11,48,61,52,69,74,52,62,77,52,46,40,-317
29,46,16,15,18,54,-19,60,63,-11,-14,21,38,34,53,66,32,46,59,34,38,31,-306
10,28,-5,-8,8,24,-29,34,49,-30,-42,-11,8,11,30,52,9,25,33,9,18,15,-295
-14,5,-25,-27,-4,-3,-36,2,30,-47,-64,-38,-25,-10,7,36,-14,4,6,-18,-8,-4,-283
-32,-14,-38,-34,-9,-20,-37,-28,15,-51,-72,-52,-50,-25,-6,23,-29,-10,-11,-38,-26,-19,-271
-39,-26,-43,-29,-5,-24,-30,-47,8,-44,-64,-55,-61,-31,-9,14,-33,-15,-17,-47,-30,-25,-263
-37,-30,-43,-15,6,-20,-19,-55,6,-31,-48,-50,-61,-33,-6,5,-32,-14,-17,-50,-22,-24,-259
-30,-29,-40,-2,18,-12,-4,-54,6,-16,-31,-42,-56,-31,-2,-4,-32,-12,-16,-48,-10,-18,-256
-21,-27,-32,5,29,-7,8,-47,7,-3,-18,-34,-48,-29,1,-16,-35,-10,-15,-42,-1,-10,-253
-13,-23,-19,3,32,-8,17,-35,6,6,-8,-23,-41,-24,3,-27,-37,-9,-15,-33,-2,-1,-247
-6,-14,-2,-1,29,-8,25,-19,4,14,3,-7,-31,-13,7,-32,-34,-5,-12,-23,-6,13,-238
6,0,19,1,24,0,39,0,7,24,20,18,-14,7,18,-28,-21,4,-4,-10,-4,29,-224
23,16,40,12,21,16,54,18,13,38,39,46,10,32,31,-19,-4,18,7,5,6,41,-209
34,25,51,22,18,34,59,28,13,46,51,65,34,49,39,-13,9,29,14,15,15,41,-196
35,23,46,25,10,42,45,26,1,45,51,70,48,51,33,-17,14,30,11,13,15,26,-187
26,12,32,19,-1,40,15,17,-21,33,41,61,47,36,15,-29,11,22,-3,3,6,-2,-181
10,-1,15,7,-17,31,-21,7,-41,18,27,44,33,14,-5,-43,5,11,-20,-8,-10,-32,-176
-6,-10,4,-5,-34,21,-53,0,-52,6,14,26,13,-3,-20,-51,4,3,-32,-18,-27,-52,-171
-14,-7,0,-10,-46,16,-71,0,-51,3,9,14,-2,-5,-22,-47,12,4,-33,-21,-37,-57,-164
-10,8,3,-2,-47,22,-67,8,-37,12,14,12,-4,11,-8,-27,28,14,-21,-10,-31,-46,-155
5,29,9,16,-37,37,-47,23,-15,28,23,16,8,38,15,1,45,32,0,14,-14,-26,-145
17,43,7,33,-23,50,-26,37,2,41,25,19,19,58,34,23,54,50,18,38,3,-8,-140
19,44,-4,43,-12,53,-17,43,7,45,14,14,20,60,40,31,51,60,28,53,13,-2,-139
17,39,-12,50,-2,51,-13,44,7,44,0,9,14,49,41,30,44,65,33,57,19,1,-138
23,40,-6,63,10,55,-4,48,15,49,-5,9,8,39,48,32,44,69,41,57,27,10,-134
33,47,11,80,21,63,9,53,27,58,-4,12,5,35,60,38,50,70,49,52,35,27,-126
39,54,28,89,28,63,19,52,35,65,-1,9,-1,35,69,42,52,63,50,41,32,43,-119
46,61,41,92,36,56,27,47,37,70,5,2,-6,41,76,47,49,51,46,33,24,55,-116
60,72,53,91,49,50,40,45,40,79,18,-2,-4,55,83,55,46,41,42,36,18,63,-115
72,82,62,84,65,41,51,40,42,87,31,-5,-2,66,88,59,42,31,38,43,15,64,-118
74,82,63,65,74,26,53,27,39,86,34,-10,-5,64,84,51,32,17,29,42,10,56,-123
72,73,61,41,78,10,51,12,33,78,29,-13,-8,54,74,35,21,3,20,32,8,46,-127
74,64,63,24,78,4,52,5,29,69,25,-8,-1,49,68,22,15,-5,18,23,12,45,-128
72,50,62,9,71,1,53,3,27,57,21,-2,11,48,59,10,11,-9,17,15,19,49,-125
55,26,48,-11,51,-9,46,-3,17,36,10,-4,17,43,36,-7,-1,-12,9,3,17,44,-121
29,-3,24,-35,21,-25,32,-11,2,8,-8,-12,18,34,4,-26,-21,-14,-8,-11,9,28,-118
5,-25,0,-54,-11,-38,20,-18,-10,-16,-22,-18,18,25,-25,-40,-39,-11,-21,-20,3,5,-115
-11,-38,-17,-66,-38,-43,9,-26,-19,-32,-31,-18,19,14,-44,-49,-51,-5,-30,-22,1,-20,-112
-22,-45,-30,-73,-59,-44,-5,-35,-28,-43,-38,-17,17,1,-55,-56,-55,1,-36,-24,-2,-44,-109
-28,-47,-37,-73,-70,-42,-24,-40,-37,-51,-43,-14,14,-12,-56,-57,-53,7,-40,-24,-9,-59,-110
-25,-41,-32,-61,-69,-35,-41,-35,-41,-55,-43,-9,15,-17,-46,-49,-42,15,-36,-17,-16,-61,-114
-14,-29,-16,-40,-54,-20,-48,-19,-35,-53,-32,-2,21,-12,-28,-31,-23,30,-25,-3,-17,-49,-117
1,-10,5,-16,-29,-3,-45,5,-21,-43,-15,8,29,0,-9,-7,1,50,-10,14,-8,-29,-120
14,9,24,8,-2,11,-34,31,-1,-29,4,18,37,13,6,19,22,70,4,30,6,-9,-122
27,28,37,28,21,26,-14,55,19,-11,22,29,44,23,16,45,39,84,18,44,24,7,-121
40,47,46,48,41,42,14,74,39,13,38,44,53,32,26,68,53,92,34,60,48,22,-113
52,63,50,65,59,59,42,89,57,37,49,59,61,41,39,85,64,95,54,75,74,41,-97
55,70,50,75,68,67,61,95,69,53,51,67,63,47,51,92,68,88,71,86,94,59,-75
51,67,47,77,67,66,68,90,72,55,43,65,57,47,57,90,63,74,79,90,103,73,-54
45,60,48,71,60,56,67,76,70,48,34,57,48,47,58,81,53,57,78,87,108,82,-38
44,52,50,62,52,43,63,59,66,41,30,46,41,47,58,68,43,44,71,83,109,87,-27
45,46,48,52,46,30,57,41,60,37,32,34,36,46,55,57,33,33,58,74,104,83,-18
45,39,41,43,40,19,51,22,49,35,35,21,28,40,47,47,22,22,38,58,92,72,-9
43,30,27,32,33,7,43,0,31,31,33,9,17,25,33,32,8,9,13,31,69,54,3
37,19,9,19,25,-6,28,-23,5,22,25,-4,-2,3,16,7,-6,-9,-14,-5,34,34,24
31,8,-5,5,19,-18,12,-43,-23,12,16,-18,-24,-19,1,-21,-15,-28,-37,-41,-4,16,55
29,5,-4,-2,18,-23,4,-56,-43,10,12,-25,-40,-32,-8,-41,-16,-42,-51,-65,-34,6,93
33,10,12,-1,22,-15,10,-59,-52,18,18,-22,-40,-31,-6,-47,-7,-47,-54,-68,-48,2,133
44,25,39,12,33,5,29,-49,-46,37,36,-5,-25,-15,6,-37,10,-38,-42,-50,-45,7,169
59,44,66,32,47,32,55,-27,-29,60,59,24,1,12,27,-16,31,-16,-17,-17,-28,19,199
70,59,79,54,55,57,75,-3,-6,77,78,55,25,40,46,9,47,15,12,17,-9,32,220
70,62,75,67,51,69,80,16,11,79,84,78,39,58,53,23,54,42,33,41,0,38,228
61,56,58,70,40,66,67,29,20,65,77,87,42,66,49,24,55,60,44,52,-2,37,226
54,52,45,71,32,57,53,43,28,50,68,87,43,70,43,22,57,71,51,59,-2,36,216
59,60,50,82,40,59,55,63,43,49,70,86,56,78,48,31,68,80,63,74,14,44,197
77,82,73,105,64,77,78,91,67,65,83,89,81,90,65,54,86,91,80,96,46,59,165
98,108,102,129,95,103,106,120,91,85,96,96,107,100,87,82,103,99,99,117,82,73,117
114,126,120,142,119,124,122,143,106,99,101,100,121,100,104,100,110,95,113,125,107,80,56
118,129,119,140,130,132,121,153,110,102,94,97,119,90,111,106,103,83,120,118,118,76,-6
113,122,102,126,128,129,106,154,108,97,83,90,105,77,111,103,90,69,122,102,118,66,-57
98,105,74,103,116,115,83,148,102,85,70,80,84,64,104,92,74,53,120,81,110,54,-90
71,78,41,75,94,89,55,130,90,66,55,64,57,47,85,76,53,34,110,59,95,43,-109
42,46,11,47,71,61,32,102,74,44,39,43,32,28,61,58,29,16,96,40,79,35,-117
23,24,-5,29,55,40,25,75,63,32,29,29,19,18,43,48,11,6,84,33,69,34,-117
16,15,-6,20,48,29,29,58,58,29,24,25,19,19,36,45,4,6,77,38,67,42,-116
14,12,-4,11,41,19,33,43,49,26,18,19,19,23,30,41,-4,6,67,43,62,47,-121
11,7,-6,-4,31,4,32,24,30,20,6,8,16,22,20,30,-15,4,49,37,50,44,-132
9,4,-11,-20,19,-12,27,4,8,14,-5,-4,10,17,12,19,-25,2,28,23,36,36,-147
9,5,-13,-32,6,-22,21,-12,-12,11,-11,-10,4,10,7,11,-29,3,10,6,22,29,-162
10,5,-12,-39,-4,-27,15,-24,-30,11,-9,-12,1,0,2,5,-29,4,0,-9,11,24,-181
14,6,-4,-40,-9,-28,11,-29,-41,15,-2,-9,2,-12,-2,0,-21,5,-2,-17,6,23,-200
22,12,12,-32,-7,-21,14,-23,-39,25,12,2,12,-15,0,-2,-3,10,6,-13,10,25,-206
37,24,37,-16,-1,-1,24,-3,-21,41,34,22,32,-3,10,3,24,23,21,4,25,35,-164
53,39,64,8,10,26,39,28,9,58,59,47,61,19,25,16,52,46,41,32,45,49,-20
63,50,86,31,23,53,51,59,41,68,75,69,89,41,37,29,71,72,56,62,59,63,293
61,54,98,48,32,72,57,83,66,66,78,87,110,54,41,38,75,93,63,87,62,73,803
55,56,103,62,43,89,61,105,86,57,74,102,126,60,42,45,67,106,66,108,61,81,1450
51,61,104,80,59,106,73,127,107,51,73,118,140,64,48,53,57,116,70,130,66,90,2077
47,65,100,96,74,118,90,146,124,48,73,129,146,63,54,57,47,117,74,145,73,95,2470
36,60,82,98,79,115,97,150,127,39,68,125,135,51,51,52,32,105,69,141,75,86,2453
20,44,55,85,72,98,88,139,114,25,56,104,109,31,40,40,16,85,58,120,67,61,1984
8,26,30,66,59,75,70,119,93,11,42,74,78,11,26,32,4,64,47,89,53,31,1198
3,13,13,48,47,51,46,95,70,3,28,41,49,-6,14,28,-1,47,43,57,40,6,348
5,5,5,33,37,29,22,67,48,-2,15,11,22,-19,6,29,-1,30,42,27,28,-11,-317
9,4,3,24,32,12,1,38,31,-4,4,-10,-1,-25,3,31,0,15,39,0,20,-18,-661
15,6,3,20,30,2,-11,10,20,-1,-2,-21,-17,-22,5,33,2,1,31,-21,17,-15,-697
15,5,0,15,28,-5,-18,-15,10,1,-8,-25,-32,-19,7,25,-3,-14,16,-38,15,-8,-552
5,-4,-8,3,23,-16,-24,-37,-6,-2,-18,-27,-50,-20,3,8,-17,-33,-4,-52,6,-1,-374
-10,-19,-15,-14,14,-30,-28,-52,-23,-10,-27,-27,-65,-24,-7,-13,-36,-49,-23,-58,-6,3,-258
-25,-34,-17,-32,7,-40,-26,-55,-34,-18,-32,-23,-69,-30,-19,-31,-53,-58,-36,-54,-15,8,-218
-33,-45,-12,-45,1,-45,-15,-49,-35,-24,-32,-13,-59,-39,-29,-43,-65,-57,-41,-42,-18,14,-223
-33,-46,-1,-49,0,-41,1,-36,-23,-24,-25,1,-36,-46,-33,-46,-68,-47,-37,-25,-15,22,-237
-22,-36,16,-43,9,-28,19,-18,-1,-15,-13,19,-3,-46,-29,-40,-61,-28,-26,-5,-7,32,-245
-7,-21,32,-33,20,-12,30,1,24,-1,-2,35,30,-38,-19,-31,-48,-6,-15,12,2,39,-247
3,-12,38,-26,26,0,31,12,38,10,0,45,50,-29,-12,-29,-36,5,-12,20,6,40,-247
6,-12,37,-25,22,2,24,14,42,14,-4,49,57,-19,-11,-33,-28,5,-16,21,3,34,-246
4,-14,32,-23,12,2,18,13,41,14,-5,50,56,-10,-13,-36,-23,1,-22,22,1,27,-239
2,-14,28,-14,3,5,19,11,43,14,2,51,55,1,-12,-33,-18,0,-24,27,5,23,-222
5,-6,26,5,1,15,25,11,47,15,16,53,56,11,-5,-20,-10,5,-21,35,15,23,-200
16,12,33,32,12,32,34,19,54,21,36,55,61,24,8,3,2,18,-9,49,28,27,-180
36,40,53,64,36,56,45,38,64,34,59,59,68,43,30,34,22,39,13,69,45,41,-162
61,73,78,97,65,85,53,64,79,53,79,64,75,70,58,67,47,62,42,92,67,59,-141
86,99,97,121,87,111,54,87,91,69,87,69,78,97,83,95,70,79,70,110,86,73,-115
102,109,102,130,91,122,48,97,98,75,80,71,73,115,97,108,85,86,88,115,97,76,-88
104,105,93,125,79,116,36,95,99,73,62,67,61,119,97,106,87,83,96,104,97,66,-62
96,93,73,114,62,98,25,86,95,68,43,60,46,110,88,95,81,74,101,82,90,50,-38
87,84,53,105,53,76,22,81,91,66,30,54,34,94,81,84,73,65,105,60,83,37,-14
80,81,43,100,58,56,29,82,87,69,29,52,29,78,79,76,67,57,111,47,80,35,13
77,83,44,97,71,41,42,89,85,75,36,51,29,64,83,74,63,48,116,43,82,46,45
78,86,54,96,86,35,57,96,85,81,47,52,36,53,89,73,60,38,117,49,89,64,81
82,86,65,95,96,39,70,97,88,84,56,54,46,44,91,69,55,27,110,59,99,82,118
81,78,70,88,95,46,73,89,90,80,58,54,53,34,85,60,47,16,91,64,102,88,152
72,61,65,72,83,48,64,75,87,68,53,49,48,21,69,43,36,5,63,57,93,79,185
56,43,54,51,69,44,50,57,77,53,44,43,36,7,47,22,25,-3,35,39,75,62,221
39,26,41,28,56,36,38,39,61,38,34,35,21,-3,27,1,15,-8,11,17,53,44,258
21,11,28,7,41,25,29,17,38,20,23,24,7,-10,8,-20,4,-11,-9,-5,27,27,298
6,-2,18,-11,26,10,24,-5,10,3,11,11,-4,-11,-8,-36,-7,-13,-27,-19,0,12,339
-6,-14,10,-24,9,-6,17,-25,-20,-13,-2,-4,-8,-8,-21,-49,-15,-15,-41,-25,-24,-1,383
-16,-25,3,-34,-9,-22,9,-43,-47,-30,-19,-20,-9,-6,-32,-57,-20,-19,-52,-26,-46,-12,433
-25,-34,-5,-41,-23,-32,-2,-53,-65,-43,-34,-31,-9,-5,-41,-59,-20,-20,-59,-25,-61,-22,491
-28,-33,-7,-40,-26,-33,-11,-47,-68,-46,-38,-31,-4,-1,-39,-51,-9,-15,-57,-15,-65,-21,557
-19,-18,2,-27,-17,-22,-11,-27,-55,-38,-27,-17,8,10,-23,-33,14,-3,-41,4,-54,-6,628
-3,4,19,-7,-1,-3,-1,-2,-33,-22,-8,3,23,24,-3,-10,40,11,-19,26,-36,21,697
14,24,35,18,16,21,17,22,-10,-3,12,22,34,35,15,15,58,25,2,48,-17,46,761
31,41,48,44,37,45,38,45,14,18,30,36,46,46,31,37,69,40,23,67,2,64,818
43,53,53,66,59,65,58,65,36,36,40,44,56,55,43,53,76,53,43,81,20,71,867
42,52,46,74,71,74,67,73,48,44,36,39,58,57,44,55,73,56,55,80,31,64,907
26,38,28,63,70,69,62,69,48,43,19,24,48,47,36,45,58,43,54,62,37,42,937
8,23,9,43,64,55,50,61,46,37,4,10,34,32,26,32,44,25,50,41,43,22,957
2,16,0,23,58,40,42,56,46,34,0,4,26,18,23,25,36,11,50,28,55,15,967
3,14,-4,4,51,24,40,51,45,31,6,2,22,3,20,24,28,1,52,21,67,20,962
4,9,-10,-16,44,8,40,41,39,22,14,1,18,-17,12,25,15,-6,51,15,73,28,939
2,2,-19,-32,39,-7,42,31,34,10,20,1,16,-35,3,23,0,-7,46,9,73,34,899
-6,-8,-29,-44,36,-16,45,23,33,-5,22,2,18,-44,-6,16,-15,-3,40,5,68,38,845
-20,-23,-38,-51,28,-23,45,15,31,-19,17,3,18,-43,-13,6,-30,-1,29,1,58,39,773
-38,-41,-42,-57,16,-30,39,6,29,-29,8,2,13,-35,-20,-4,-42,-5,11,-6,43,36,681
-51,-55,-40,-60,6,-34,35,-1,29,-32,3,5,7,-21,-23,-11,-49,-9,-9,-12,28,33,568
-53,-60,-31,-58,2,-35,36,-3,28,-28,7,13,6,-9,-21,-13,-48,-7,-25,-15,18,32,437
-47,-55,-20,-50,5,-31,42,2,26,-17,17,23,10,0,-17,-12,-39,2,-32,-12,11,34,292
-40,-45,-8,-39,11,-23,49,11,24,-4,29,35,17,4,-13,-13,-27,13,-32,-7,8,36,141
-36,-32,1,-30,15,-11,51,20,24,6,36,49,24,5,-12,-18,-14,20,-27,-3,6,35,-8
-37,-20,9,-23,16,3,49,31,27,12,38,61,32,3,-12,-24,-1,22,-19,1,4,33,-144
-36,-7,19,-17,20,21,45,43,33,14,38,72,42,4,-12,-26,14,21,-8,10,4,36,-264
-29,6,33,-11,26,42,41,55,40,15,40,78,54,8,-10,-23,29,18,5,24,6,40,-368
-13,17,45,-5,35,60,36,63,45,15,43,78,66,13,-8,-18,42,16,14,38,8,40,-460
10,30,56,5,46,74,34,68,48,15,47,75,78,19,0,-9,54,22,21,53,13,37,-540
35,45,68,22,57,85,33,74,51,18,53,70,88,29,14,4,66,37,28,71,20,37,-607
54,59,78,41,58,89,30,79,52,22,55,61,92,39,33,17,75,54,35,83,25,40,-660
60,66,81,56,46,83,20,77,48,24,51,48,88,46,46,25,75,65,41,83,25,41,-700
56,67,78,65,30,70,8,70,45,22,45,36,78,48,53,30,68,67,44,73,22,42,-729
49,66,72,72,19,58,1,63,47,21,42,28,67,49,55,34,60,64,48,61,22,45,-749
45,67,65,81,21,53,2,61,55,26,46,25,59,53,56,41,52,58,53,55,27,49,-763
49,70,56,89,35,57,11,64,71,37,51,30,57,60,60,52,48,55,61,57,39,52,-773
58,73,44,94,56,64,26,70,88,50,55,39,60,67,65,65,47,51,68,62,54,54,-781
62,71,31,90,73,65,43,71,95,60,53,44,62,66,65,73,44,40,70,63,62,55,-787
59,60,17,70,80,56,55,64,86,62,42,39,58,56,57,69,34,21,64,53,59,53,-789
50,43,3,40,75,40,62,48,69,54,28,27,48,40,43,54,18,-3,53,33,51,48,-785
41,27,-5,8,65,21,67,24,53,40,18,14,33,24,24,32,2,-23,38,7,44,43,-776
33,14,-7,-17,53,3,68,-1,39,23,12,5,15,11,7,11,-14,-36,19,-21,38,38,-766
24,3,-4,-34,38,-14,59,-23,22,7,9,-2,-5,2,-8,-7,-26,-42,-2,-44,29,28,-756
15,-7,0,-42,18,-28,39,-37,2,-6,4,-6,-26,-4,-19,-18,-33,-44,-23,-59,13,13,-747
6,-13,3,-42,0,-35,16,-43,-18,-14,0,-6,-40,-8,-23,-22,-30,-42,-38,-66,-7,-2,-738
2,-15,6,-35,-15,-35,-3,-40,-33,-12,0,-3,-43,-8,-23,-22,-20,-36,-46,-62,-29,-14,-729
0,-15,8,-25,-27,-30,-15,-34,-42,-5,6,0,-36,-4,-22,-23,-6,-26,-48,-51,-46,-23,-722
-2,-15,5,-17,-34,-18,-21,-29,-42,2,12,4,-22,3,-20,-26,9,-13,-44,-36,-54,-29,-716
-2,-14,-3,-8,-34,-3,-20,-23,-33,6,18,13,-4,12,-19,-28,23,4,-36,-20,-49,-30,-708
-6,-15,-12,-1,-27,10,-15,-16,-22,6,20,23,14,20,-18,-29,32,22,-29,-2,-38,-27,-699
-20,-22,-21,1,-25,14,-14,-8,-19,-5,14,27,24,18,-24,-36,32,29,-27,11,-32,-26,-691
-43,-36,-32,-7,-29,7,-18,-4,-27,-27,-2,20,21,6,-38,-50,23,20,-31,15,-36,-29,-687
-60,-48,-37,-16,-34,1,-21,0,-36,-46,-18,9,12,-9,-50,-62,12,3,-35,15,-41,-31,-682
-60,-48,-28,-19,-31,4,-13,8,-35,-51,-23,3,6,-16,-50,-65,8,-6,-33,19,-35,-27,-674
-44,-37,-11,-17,-26,15,2,15,-24,-41,-16,3,8,-14,-39,-55,9,-7,-25,27,-21,-20,-666
-26,-27,1,-16,-25,25,13,14,-14,-29,-7,4,12,-13,-27,-39,8,-7,-15,30,-8,-20,-657
-11,-21,-1,-15,-27,30,15,9,-8,-18,-2,5,15,-15,-17,-17,2,-9,-4,27,1,-24,-644
-1,-16,-11,-9,-26,32,11,7,-3,-8,2,7,19,-16,-7,8,-3,-9,11,22,11,-25,-625
1,-14,-26,2,-22,31,4,11,4,-1,4,7,22,-16,0,31,-8,-9,28,16,23,-18,-600
-6,-17,-43,13,-19,28,-4,17,12,1,5,4,21,-16,1,45,-10,-10,44,6,33,-6,-577
-13,-21,-54,23,-10,26,-9,24,25,4,7,2,19,-14,-1,50,-6,-8,58,-2,45,12,-557
-10,-17,-49,35,8,30,-2,38,44,15,17,8,21,-4,3,55,7,4,71,0,59,36,-538
5,-4,-29,47,33,39,17,55,64,34,34,22,32,10,15,60,25,22,83,14,72,62,-522
21,12,-3,51,51,43,39,65,75,49,49,37,45,21,26,60,38,35,88,31,74,78,-510
28,19,17,41,55,37,52,61,69,51,50,42,52,20,27,48,37,33,78,35,62,78,-505
24,16,26,22,47,21,52,42,48,40,38,38,46,7,17,23,22,20,54,24,41,63,-505
15,7,25,0,30,4,44,19,22,23,22,28,34,-10,2,-6,2,4,22,3,19,42,-508
4,-2,17,-19,11,-10,30,-5,0,5,6,14,19,-25,-10,-33,-16,-10,-10,-22,-1,19,-510
-7,-13,3,-38,-9,-20,10,-26,-17,-11,-5,-3,1,-37,-20,-57,-29,-22,-37,-47,-21,-7,-512
-17,-25,-15,-55,-27,-31,-14,-45,-30,-24,-13,-19,-18,-45,-30,-74,-38,-31,-59,-68,-43,-34,-512
-23,-35,-28,-66,-39,-41,-35,-56,-41,-33,-16,-30,-33,-46,-37,-82,-41,-37,-69,-79,-63,-56,-509
-22,-37,-32,-67,-42,-45,-47,-55,-47,-38,-15,-32,-36,-39,-40,-80,-37,-37,-69,-77,-77,-66,-503
-16,-33,-28,-57,-39,-41,-49,-44,-47,-39,-15,-24,-28,-26,-39,-68,-28,-27,-63,-63,-81,-62,-495
-9,-27,-18,-38,-31,-33,-44,-29,-43,-36,-19,-9,-16,-13,-36,-52,-15,-9,-56,-42,-78,-48,-487
-4,-20,-8,-17,-22,-24,-34,-9,-35,-33,-27,7,-3,-4,-33,-32,0,10,-50,-17,-69,-26,-480
-1,-12,-1,3,-13,-14,-21,13,-24,-28,-35,19,8,0,-27,-11,14,24,-42,7,-55,-2,-472
2,-5,-3,18,-10,-6,-11,29,-9,-22,-39,27,17,-1,-19,6,24,32,-32,25,-40,18,-462
2,-3,-13,23,-13,1,-4,34,6,-19,-41,28,20,-5,-12,18,26,34,-19,34,-27,29,-450
0,-6,-28,20,-19,6,-1,30,17,-19,-40,22,19,-10,-8,24,21,29,-5,34,-17,31,-437
-3,-9,-44,15,-23,10,1,21,23,-18,-35,13,20,-13,-5,28,13,22,8,30,-8,26,-423
-8,-12,-56,9,-22,13,2,8,26,-13,-31,2,20,-12,-1,31,2,15,16,27,0,16,-410
-16,-14,-62,4,-18,10,-1,-7,24,-4,-29,-10,14,-11,2,33,-9,7,17,24,5,3,-398
-24,-17,-63,0,-13,0,-7,-21,18,3,-29,-23,1,-11,0,33,-18,-4,17,18,9,-9,-388
-28,-17,-60,0,-6,-17,-10,-29,12,9,-28,-33,-13,-9,-2,33,-21,-16,18,11,13,-16,-379
-21,-9,-53,7,5,-30,-5,-28,13,18,-22,-35,-21,-4,2,38,-15,-23,27,11,21,-13,-371
-3,5,-40,22,21,-36,9,-19,21,30,-7,-28,-22,5,16,44,-1,-18,44,16,29,-1,-364
18,18,-26,37,34,-35,24,-7,25,41,11,-18,-21,16,31,48,14,-7,61,18,35,12,-357
32,24,-17,45,37,-34,31,-2,17,47,26,-12,-23,21,41,43,21,3,68,9,30,16,-354
35,19,-16,42,25,-38,23,-7,-6,46,33,-16,-34,14,38,28,16,4,56,-13,13,6,-355
29,9,-21,28,0,-42,3,-25,-42,40,33,-27,-52,0,25,7,2,-5,29,-46,-13,-12,-358
24,3,-22,13,-27,-39,-19,-47,-78,35,30,-33,-69,-10,12,-9,-11,-18,-1,-77,-36,-28,-359
31,10,-11,8,-40,-27,-28,-59,-97,36,32,-27,-72,-4,9,-11,-11,-26,-21,-92,-45,-32,-357
48,28,10,16,-34,-6,-23,-55,-93,46,40,-6,-58,14,19,0,4,-28,-29,-84,-38,-24,-353
66,50,37,30,-16,20,-10,-38,-70,59,50,24,-33,36,37,16,29,-26,-27,-62,-21,-11,-346
76,67,59,45,6,43,4,-14,-37,70,58,53,-7,54,55,28,54,-22,-17,-38,-4,0,-337
77,73,69,57,23,59,14,15,-5,73,63,74,15,64,66,33,73,-16,-1,-17,6,5,-329
69,69,67,62,30,65,18,43,19,66,63,82,31,60,65,31,81,-10,19,-3,7,6,-322
56,59,57,60,27,65,15,64,32,54,58,78,43,49,55,24,79,-1,36,10,3,4,-320
42,46,46,55,18,60,8,75,35,41,50,67,53,39,43,17,69,11,48,25,-1,3,-320
31,35,37,50,12,52,0,76,35,31,40,55,62,34,32,9,56,27,54,41,0,4,-321
23,25,32,46,10,39,-10,70,34,26,30,45,66,32,26,2,45,44,50,54,6,6,-319
18,20,29,40,11,25,-18,59,33,24,21,38,64,31,24,-3,38,58,39,60,17,7,-314
17,17,24,33,12,10,-23,42,33,20,10,32,51,26,27,-5,33,63,25,59,27,4,-307
17,16,16,25,14,-2,-23,25,32,14,0,27,29,20,32,-4,29,59,17,51,32,2,-299
20,19,9,19,17,-8,-13,13,30,9,-6,27,9,18,38,5,26,53,20,41,34,2,-289
24,26,4,14,17,-8,3,7,28,4,-6,28,-1,21,44,20,22,47,31,34,37,5,-279
19,25,-4,2,7,-12,14,-5,18,-7,-9,21,-9,23,40,29,10,35,39,23,35,1,-271
2,10,-22,-20,-14,-27,12,-27,-3,-23,-22,1,-19,14,19,26,-13,16,33,1,22,-13,-262
-20,-13,-44,-45,-35,-46,-1,-52,-28,-38,-39,-26,-32,-3,-9,14,-39,-4,18,-29,5,-30,-251
-42,-35,-65,-65,-50,-65,-18,-71,-50,-49,-55,-53,-47,-23,-35,-1,-60,-22,-3,-58,-12,-43,-237
-61,-55,-80,-78,-60,-81,-38,-85,-69,-56,-70,-78,-66,-43,-57,-16,-70,-38,-26,-83,-31,-51,-224
-73,-68,-85,-81,-61,-92,-55,-90,-80,-58,-81,-93,-85,-56,-67,-29,-67,-48,-47,-98,-51,-52,-210
-72,-67,-72,-71,-50,-91,-59,-84,-80,-48,-77,-90,-91,-56,-61,-31,-50,-45,-60,-96,-61,-42,-192
-59,-57,-46,-54,-36,-81,-51,-72,-71,-34,-61,-77,-83,-45,-45,-28,-27,-34,-64,-80,-60,-28,-171
-44,-51,-23,-44,-32,-73,-39,-66,-64,-28,-46,-66,-71,-38,-35,-29,-13,-29,-72,-63,-57,-21,-152
-36,-53,-12,-50,-39,-73,-28,-72,-64,-33,-40,-60,-62,-42,-40,-39,-13,-35,-87,-51,-59,-27,-135
-31,-58,-13,-61,-48,-72,-18,-79,-65,-42,-37,-54,-53,-51,-50,-50,-22,-47,-102,-46,-61,-39,-119
-26,-55,-15,-64,-49,-59,-5,-75,-56,-46,-31,-39,-40,-54,-54,-52,-27,-50,-103,-41,-57,-45,-99
-16,-41,-9,-53,-41,-30,11,-54,-35,-40,-19,-13,-22,-46,-45,-43,-17,-42,-84,-34,-47,-41,-72
-3,-17,7,-30,-25,8,26,-22,-7,-26,-2,19,-2,-26,-25,-25,5,-23,-52,-25,-31,-31,-36
14,12,30,1,-8,46,34,13,20,-8,18,47,18,0,0,-3,32,0,-15,-16,-15,-22,7
30,36,49,29,4,71,34,40,40,6,34,61,31,24,22,16,53,19,16,-11,-3,-19,55
34,45,54,44,2,75,23,53,42,9,37,56,31,34,30,22,61,21,29,-14,-4,-25,97
22,34,40,42,-14,53,2,46,25,-1,26,34,14,26,19,15,50,1,21,-25,-20,-41,123
1,13,13,28,-31,19,-21,30,-2,-16,7,6,-11,6,0,2,28,-27,1,-40,-42,-58,130
-17,-6,-13,17,-38,-11,-36,18,-23,-25,-9,-12,-31,-12,-14,-5,9,-49,-12,-48,-57,-65,120
-24,-14,-30,16,-31,-23,-34,17,-28,-23,-17,-17,-38,-21,-17,-2,1,-57,-13,-44,-54,-60,102
-22,-14,-38,19,-19,-22,-22,20,-20,-17,-20,-14,-38,-26,-15,5,0,-55,-6,-35,-39,-48,78
-16,-11,-43,19,-8,-17,-9,22,-9,-14,-24,-13,-39,-34,-16,11,-2,-50,2,-30,-20,-39,49
-10,-9,-44,15,0,-14,1,20,1,-16,-27,-16,-39,-45,-18,12,-10,-44,5,-27,-2,-35,15
-1,-8,-39,9,8,-10,8,17,12,-16,-28,-19,-35,-52,-17,13,-21,-36,8,-24,13,-32,-25
7,-5,-25,2,17,-9,11,12,23,-13,-25,-17,-30,-54,-12,14,-32,-26,11,-21,23,-26,-70
11,-3,-9,-5,24,-11,8,2,25,-9,-22,-13,-28,-47,-5,14,-42,-18,12,-19,24,-17,-115
9,-3,0,-13,25,-19,0,-14,17,-6,-20,-9,-31,-33,2,13,-46,-17,9,-19,16,-8,-155
2,-4,3,-20,18,-29,-9,-35,0,-4,-18,-6,-40,-14,6,11,-43,-21,2,-20,1,-3,-183
-12,-9,-2,-28,1,-42,-18,-60,-25,-6,-19,-9,-58,0,5,6,-36,-32,-12,-27,-24,-7,-196
-29,-20,-13,-41,-25,-59,-31,-87,-59,-14,-25,-22,-85,3,-4,-5,-31,-51,-36,-42,-58,-24,-198
-43,-33,-24,-51,-51,-76,-47,-110,-94,-23,-30,-38,-109,-2,-16,-18,-28,-69,-62,-57,-88,-53,-195
-43,-38,-25,-49,-68,-84,-59,-120,-115,-25,-30,-46,-116,-7,-20,-27,-20,-73,-78,-63,-103,-84,-190
-30,-31,-18,-33,-70,-79,-64,-113,-118,-17,-24,-42,-105,-3,-12,-27,-4,-58,-78,-59,-101,-104,-184
-12,-17,-14,-10,-63,-68,-65,-97,-109,-8,-17,-29,-83,6,3,-21,13,-35,-69,-52,-88,-108,-180
3,-1,-14,13,-53,-53,-61,-78,-96,-1,-13,-12,-55,16,17,-10,30,-8,-54,-41,-72,-100,-182
16,18,-12,36,-39,-31,-48,-52,-76,10,-3,9,-23,30,35,10,47,19,-33,-23,-51,-79,-194
31,40,-4,55,-23,-3,-25,-21,-49,22,13,28,8,45,54,36,65,43,-8,-1,-28,-48,-210
43,54,6,65,-13,21,-3,6,-24,31,28,39,31,55,66,57,75,58,11,20,-8,-21,-211
51,60,19,67,-9,42,12,23,-5,35,36,41,43,60,69,68,75,66,21,37,11,-5,-156
59,64,38,68,0,62,22,36,17,41,44,42,49,66,71,75,75,74,31,53,33,5,20
66,71,61,73,19,78,29,48,40,50,51,45,50,75,75,78,78,82,43,66,54,15,374
68,76,79,77,47,86,32,58,62,58,55,48,45,82,78,78,81,85,54,71,64,25,921
67,80,89,81,78,85,37,64,80,63,54,49,36,83,81,78,80,78,62,73,64,34,1590
67,83,91,84,106,80,45,68,93,65,49,47,28,78,82,81,73,64,65,74,60,41,2218
65,80,80,77,121,67,52,66,94,61,35,35,17,63,77,83,56,42,60,72,50,42,2605
51,62,51,54,114,42,49,52,76,41,8,10,1,35,58,73,26,16,40,60,32,29,2595
26,29,7,16,85,7,33,28,42,9,-29,-26,-19,-3,25,49,-17,-12,8,40,8,6,2163
-7,-11,-39,-31,48,-31,8,-1,3,-26,-67,-62,-38,-40,-12,18,-59,-33,-24,13,-15,-22,1441
-39,-46,-73,-73,18,-64,-15,-23,-27,-51,-89,-86,-51,-67,-44,-12,-87,-45,-44,-12,-30,-43,660
-60,-67,-88,-98,0,-86,-27,-34,-40,-61,-89,-90,-50,-77,-60,-32,-94,-48,-48,-29,-34,-48,40
-66,-72,-83,-100,-4,-93,-23,-33,-36,-56,-69,-75,-34,-66,-59,-36,-84,-45,-42,-35,-26,-35,-298
-56,-63,-59,-79,2,-88,-5,-25,-19,-39,-39,-47,-10,-38,-44,-25,-62,-35,-34,-28,-10,-9,-370
-33,-43,-24,-45,15,-70,20,-13,4,-15,-6,-11,16,0,-18,-5,-33,-20,-25,-13,12,22,-288
-4,-17,12,-9,29,-44,45,0,22,8,20,23,39,34,9,17,-5,-1,-20,7,33,49,-184
18,2,34,14,35,-21,58,5,27,20,31,44,49,53,25,27,12,12,-25,20,43,60,-136
25,6,38,15,29,-10,52,-3,15,16,21,47,42,52,22,21,11,12,-40,21,38,51,-147
19,-3,26,-5,11,-11,30,-22,-9,-2,-5,35,20,32,4,1,-5,1,-56,10,19,27,-183
3,-20,7,-36,-15,-18,-2,-46,-39,-27,-37,14,-8,3,-20,-24,-26,-15,-67,-8,-8,-4,-214
-18,-40,-15,-67,-43,-27,-35,-63,-63,-52,-66,-10,-33,-27,-44,-43,-47,-29,-69,-22,-37,-37,-231
-36,-55,-32,-85,-66,-33,-60,-68,-72,-70,-82,-29,-49,-46,-58,-52,-58,-34,-60,-30,-58,-63,-236
-43,-57,-40,-86,-74,-30,-72,-61,-63,-73,-81,-37,-53,-49,-58,-46,-54,-24,-38,-26,-62,-78,-235
-37,-45,-39,-72,-66,-17,-71,-44,-38,-61,-66,-34,-45,-41,-45,-28,-39,-5,-9,-13,-47,-83,-230
-23,-27,-33,-48,-51,-2,-63,-24,-10,-42,-44,-25,-30,-28,-27,-6,-21,15,19,3,-21,-79,-220
-10,-10,-28,-25,-35,10,-53,-7,12,-26,-23,-15,-16,-16,-11,10,-8,27,39,12,5,-67,-203
0,1,-22,-6,-22,17,-43,4,24,-17,-8,-8,-6,-8,-1,18,-3,28,49,14,24,-51,-178
4,8,-13,6,-12,22,-34,14,26,-15,1,-3,0,-5,7,21,-3,25,52,12,37,-31,-151
4,10,-1,14,-4,28,-24,31,26,-15,8,0,4,-4,15,24,-3,23,54,12,45,-8,-125
1,8,10,19,5,35,-10,49,26,-16,15,2,6,-5,21,29,-3,23,53,13,49,14,-101
-3,4,14,18,16,42,5,62,29,-15,20,5,5,-8,22,35,-6,24,46,12,52,31,-74
-8,-1,10,9,27,43,15,62,31,-12,19,6,-2,-16,17,38,-14,23,28,5,52,38,-43
-18,-11,-5,-10,32,34,16,46,25,-13,9,0,-17,-30,3,35,-30,11,2,-9,46,33,-14
-35,-28,-31,-38,25,11,6,16,6,-21,-8,-14,-41,-51,-21,21,-51,-14,-29,-30,30,15,9
-52,-45,-57,-68,10,-19,-12,-20,-20,-35,-28,-29,-67,-72,-47,-2,-70,-44,-58,-55,5,-8,32
-64,-58,-76,-92,-8,-48,-33,-48,-44,-49,-44,-41,-87,-84,-66,-27,-83,-68,-79,-75,-19,-26,60
-68,-65,-80,-104,-25,-69,-51,-61,-59,-57,-50,-49,-95,-85,-74,-47,-85,-79,-85,-83,-38,-37,95
-62,-63,-70,-101,-35,-75,-54,-57,-60,-57,-43,-48,-86,-74,-68,-56,-77,-75,-76,-77,-45,-37,132
-43,-50,-45,-83,-32,-63,-38,-40,-43,-44,-20,-36,-59,-53,-49,-53,-56,-56,-56,-59,-38,-25,170
-16,-28,-11,-54,-16,-38,-8,-14,-14,-21,11,-14,-20,-25,-22,-40,-26,-29,-31,-32,-19,-7,209
12,-3,26,-25,3,-10,24,12,13,4,40,14,15,1,4,-22,5,-3,-8,-2,2,11,248
33,19,59,0,19,16,51,31,32,24,57,43,41,21,24,-6,31,17,9,26,22,27,290
49,39,86,19,30,38,69,46,42,35,63,71,58,37,38,7,49,33,19,49,36,41,333
57,53,102,32,33,54,74,55,44,35,60,91,66,50,45,12,57,47,24,65,43,52,377
54,58,102,37,27,61,64,56,37,24,50,96,64,55,42,10,55,56,23,72,43,54,418
40,53,87,36,11,57,44,49,22,7,35,86,56,52,32,2,44,56,19,72,37,44,460
22,43,61,34,-7,47,22,38,5,-9,19,66,49,46,19,-7,31,50,14,68,29,26,507
5,32,28,34,-21,34,1,28,-9,-19,5,43,42,43,10,-10,22,39,13,62,22,8,563
-8,23,-7,38,-28,24,-14,25,-14,-21,-6,25,35,46,8,-4,18,27,17,55,18,-5,629
-15,19,-32,44,-26,19,-19,29,-9,-16,-10,17,29,55,16,11,20,18,28,49,19,-8,701
-16,21,-43,50,-15,20,-14,42,7,-8,-5,16,26,64,31,32,26,14,46,45,28,1,771
-9,27,-40,56,3,27,2,60,32,3,11,20,30,73,48,53,36,15,68,45,42,18,834
7,36,-23,60,25,39,23,78,62,16,29,26,37,77,63,68,48,18,92,47,62,38,887
25,43,-2,58,44,49,41,87,87,29,40,30,41,70,69,68,54,17,107,48,79,52,930
35,40,14,46,53,48,49,81,98,37,37,28,36,49,60,52,46,7,105,40,86,56,965
34,28,18,26,51,38,49,64,94,38,24,22,25,18,40,23,26,-10,87,23,80,55,993
25,9,12,8,42,21,45,42,78,33,6,16,13,-14,17,-7,2,-30,60,0,65,53,1015
11,-11,0,-9,32,3,41,20,54,27,-9,11,3,-42,-2,-32,-19,-46,30,-24,45,51,1031
-2,-27,-11,-24,22,-13,36,2,25,20,-17,6,-3,-59,-15,-49,-32,-54,1,-44,21,47,1035
-9,-34,-19,-33,14,-23,33,-7,-2,16,-19,3,-2,-59,-18,-56,-35,-52,-20,-51,3,46,1022
-7,-32,-21,-35,11,-26,30,-8,-21,16,-14,1,4,-41,-11,-55,-29,-41,-28,-44,-7,45,989
1,-25,-19,-36,13,-27,23,-7,-34,15,-8,0,9,-13,-1,-51,-22,-23,-28,-30,-10,42,936
5,-18,-17,-39,14,-29,11,-6,-43,10,-3,-3,9,13,4,-47,-19,-4,-26,-18,-11,35,865
3,-16,-21,-42,12,-30,-3,-9,-47,-2,0,-7,7,32,1,-43,-23,11,-24,-11,-14,28,776
-5,-18,-32,-43,6,-30,-14,-18,-45,-19,0,-9,7,40,-9,-36,-29,23,-24,-10,-18,19,673
-13,-22,-44,-44,-1,-26,-22,-30,-38,-33,-3,-9,9,34,-22,-31,-32,33,-27,-11,-21,8,557
-20,-24,-51,-42,-7,-16,-27,-43,-25,-42,-9,-4,15,20,-31,-26,-30,40,-30,-9,-22,-1,429
-22,-22,-47,-36,-11,-3,-25,-48,-9,-44,-14,4,25,4,-32,-19,-23,45,-29,3,-19,-4,287
-22,-17,-32,-26,-15,9,-20,-43,9,-39,-15,15,38,-6,-25,-10,-13,49,-22,22,-12,1,138
-20,-7,-10,-12,-18,17,-12,-29,24,-30,-14,24,51,-7,-13,-1,-2,51,-8,42,-3,10,-8
-16,3,9,3,-20,22,-4,-10,35,-20,-13,30,62,-3,0,9,7,49,13,53,6,19,-141
-17,8,14,16,-24,21,-1,6,38,-15,-17,28,66,0,6,17,7,39,30,48,9,23,-257
-25,2,0,18,-34,11,-10,6,28,-19,-31,12,56,-5,-1,15,-6,18,35,28,3,17,-353
-36,-12,-25,6,-45,-7,-31,-7,9,-31,-50,-12,35,-19,-16,3,-25,-8,28,3,-8,2,-430
-42,-23,-45,-14,-48,-22,-50,-23,-11,-41,-63,-34,11,-31,-26,-7,-40,-32,21,-17,-14,-9,-487
-39,-27,-53,-34,-43,-28,-61,-33,-23,-44,-59,-44,-7,-34,-26,-8,-43,-44,18,-25,-9,-6,-530
-33,-26,-53,-51,-34,-29,-61,-38,-26,-42,-39,-42,-19,-27,-17,-2,-37,-44,19,-25,4,6,-563
-29,-24,-49,-65,-25,-25,-53,-41,-23,-37,-12,-30,-28,-14,-7,8,-28,-33,21,-26,20,17,-587
-28,-24,-47,-73,-18,-21,-40,-45,-16,-31,12,-14,-34,-3,2,14,-20,-15,22,-34,33,21,-605
-34,-31,-50,-77,-19,-20,-28,-52,-12,-30,23,-5,-42,-2,1,9,-19,1,13,-48,35,13,-618
-45,-45,-54,-76,-26,-24,-21,-63,-15,-34,21,-9,-52,-10,-11,-10,-27,7,-8,-65,21,-5,-629
-51,-56,-50,-67,-33,-26,-15,-69,-19,-37,11,-22,-59,-18,-22,-29,-35,9,-33,-74,1,-22,-632
-40,-51,-28,-45,-29,-17,-3,-59,-19,-29,11,-30,-51,-17,-21,-36,-32,14,-48,-64,-14,-25,-625
-14,-33,5,-11,-18,1,15,-39,-14,-11,22,-26,-26,-7,-9,-29,-18,22,-51,-39,-20,-13,-612
11,-15,33,20,-9,18,28,-20,-11,6,37,-16,2,3,3,-18,-2,25,-50,-15,-22,1,-598
29,-3,46,39,-6,26,29,-10,-11,18,46,-4,26,8,8,-11,10,23,-49,-1,-26,8,-584
38,4,46,44,-8,25,19,-8,-15,25,47,7,41,8,7,-11,19,19,-50,3,-33,3,-572
38,5,37,35,-17,13,-1,-15,-26,26,38,7,43,2,0,-23,23,8,-56,-3,-44,-14,-566
28,1,24,17,-30,-8,-26,-26,-41,19,22,-8,30,-4,-10,-41,24,-9,-65,-12,-58,-40,-564
20,2,16,2,-39,-24,-45,-35,-52,12,7,-30,11,-1,-14,-56,25,-24,-70,-16,-71,-62,-560
20,13,17,0,-39,-28,-55,-37,-55,11,-4,-49,-6,12,-7,-62,31,-26,-67,-14,-77,-72,-548
21,27,19,6,-33,-24,-59,-34,-54,11,-14,-62,-20,28,5,-64,34,-20,-58,-7,-79,-72,-530
18,34,16,15,-26,-16,-61,-28,-51,6,-26,-68,-31,37,15,-65,29,-13,-48,1,-82,-69,-513
14,38,10,26,-16,-3,-55,-16,-41,1,-35,-62,-35,39,24,-58,23,-6,-36,11,-83,-62,-496
16,44,8,43,2,19,-40,6,-21,0,-35,-44,-26,40,36,-38,22,5,-15,28,-74,-50,-478
26,52,9,62,26,45,-15,34,5,4,-21,-22,-6,43,51,-6,28,17,15,49,-51,-29,-461
38,59,15,78,49,67,14,59,34,9,3,-4,20,47,64,33,35,26,50,70,-18,-5,-448
46,59,21,83,65,81,36,71,59,9,26,6,41,50,69,66,37,29,82,79,16,18,-436
45,52,20,72,72,83,46,67,76,5,38,7,50,48,64,83,28,27,102,71,44,34,-423
31,32,8,41,65,67,37,46,79,-6,37,-2,40,34,48,75,8,15,102,47,57,39,-409
4,0,-13,-5,45,34,13,12,64,-24,22,-18,11,4,20,48,-21,-10,79,14,50,30,-399
-27,-35,-32,-51,18,-7,-14,-20,37,-40,2,-33,-25,-30,-10,15,-48,-40,43,-17,29,16,-390
-46,-56,-40,-80,-1,-38,-27,-37,11,-44,-12,-35,-50,-50,-27,-4,-60,-59,10,-38,10,8,-377
-45,-54,-33,-80,-7,-51,-21,-33,-5,-28,-12,-22,-54,-42,-23,-4,-53,-57,-7,-46,4,14,-358
-31,-37,-17,-61,-6,-51,-2,-19,-13,-3,-1,-5,-44,-13,-6,9,-35,-41,-10,-49,5,27,-336
-16,-21,-6,-42,-8,-49,14,-8,-23,15,8,3,-31,18,9,18,-20,-24,-13,-53,4,34,-315
-9,-13,-4,-33,-17,-50,18,-8,-41,20,9,-3,-22,39,14,15,-14,-12,-22,-60,-5,29,-300
-11,-16,-11,-33,-32,-51,7,-22,-63,12,3,-17,-21,43,7,-2,-17,-8,-38,-66,-22,11,-289
-20,-26,-23,-41,-51,-53,-18,-45,-87,-7,-11,-36,-30,28,-9,-31,-26,-14,-59,-68,-45,-16,-281
-32,-41,-37,-51,-72,-56,-52,-70,-109,-35,-33,-56,-45,1,-31,-64,-41,-26,-83,-66,-67,-47,-276
-41,-50,-44,-57,-88,-55,-81,-88,-120,-61,-57,-67,-56,-24,-49,-88,-54,-35,-97,-59,-81,-73,-271
-40,-45,-37,-54,-92,-47,-96,-92,-113,-75,-71,-61,-57,-34,-54,-94,-53,-34,-93,-46,-80,-85,-266
-31,-31,-23,-46,-88,-34,-96,-83,-92,-78,-73,-46,-52,-29,-47,-83,-41,-26,-77,-31,-70,-80,-262
-20,-17,-11,-37,-79,-22,-86,-67,-68,-74,-64,-33,-43,-17,-36,-60,-25,-18,-59,-20,-56,-64,-258
-10,-6,-2,-28,-64,-8,-70,-48,-45,-62,-44,-24,-32,-3,-23,-30,-7,-7,-41,-11,-42,-41,-255
-4,3,4,-16,-41,10,-51,-26,-21,-43,-20,-12,-19,11,-9,-2,12,8,-20,-1,-28,-18,-252
-2,8,6,-2,-14,30,-34,-5,1,-23,1,-1,-8,21,6,19,29,22,1,8,-14,0,-246
-5,8,4,10,7,48,-20,13,21,-8,10,5,2,27,17,31,36,31,16,16,-3,10,-237
-12,5,-1,16,20,60,-8,25,36,-2,7,5,11,26,22,37,33,33,26,23,4,12,-229
-22,-3,-9,13,24,62,3,29,44,-6,-5,1,15,15,18,35,22,26,29,27,6,12,-225
-33,-14,-17,2,22,54,11,28,45,-17,-21,-6,16,-2,8,28,7,11,25,26,5,12,-224
-36,-20,-22,-9,22,44,19,26,43,-27,-34,-14,18,-15,-1,19,-7,-4,17,20,5,15,-224
-28,-18,-19,-14,31,35,32,26,45,-27,-36,-14,24,-18,0,13,-15,-11,13,14,13,22,-224
-12,-5,-9,-11,47,27,46,31,50,-12,-25,-6,32,-11,11,12,-11,-9,17,11,25,31,-224
7,11,4,-1,60,18,56,35,52,11,-8,9,38,5,28,16,0,-2,24,9,36,39,-223
23,23,15,10,61,8,55,32,45,33,8,21,39,27,43,24,11,7,26,4,41,43,-223
28,23,18,12,43,-6,43,15,26,46,17,25,32,44,49,29,14,11,17,-4,36,42,-226
17,7,9,0,11,-25,20,-15,-5,44,14,18,13,49,38,20,6,5,-2,-18,21,30,-231
-7,-22,-9,-23,-26,-50,-10,-54,-43,30,1,3,-15,40,13,-3,-10,-13,-29,-38,-4,8,-239
-31,-52,-27,-49,-57,-71,-38,-92,-77,12,-16,-13,-43,23,-16,-32,-27,-36,-55,-60,-31,-18,-248
-43,-72,-38,-66,-74,-81,-55,-120,-97,-4,-30,-26,-64,2,-41,-59,-39,-56,-75,-80,-53,-41,-255
-43,-74,-41,-67,-76,-78,-58,-130,-100,-11,-39,-35,-74,-18,-55,-74,-42,-68,-85,-92,-69,-56,-260
-33,-60,-32,-53,-66,-63,-51,-120,-90,-10,-41,-36,-70,-33,-57,-71,-36,-67,-85,-92,-78,-59,-262
-16,-35,-15,-26,-50,-39,-38,-95,-73,-5,-38,-31,-53,-39,-46,-55,-23,-54,-77,-77,-79,-52,-260
2,-4,8,4,-33,-10,-21,-62,-52,0,-33,-21,-29,-32,-26,-33,-6,-33,-64,-53,-73,-36,-253
19,25,28,31,-15,17,1,-26,-28,6,-24,-11,-4,-17,0,-12,13,-8,-45,-26,-58,-19,-245
36,48,42,52,1,38,22,6,-3,12,-11,0,19,5,28,8,32,16,-21,-1,-35,-5,-237
50,64,49,66,13,47,35,28,16,18,5,9,34,26,50,24,47,34,2,19,-11,2,-233
58,69,47,71,17,45,34,37,27,23,15,14,38,39,59,32,55,39,18,28,10,1,-234
57,66,37,70,15,35,19,35,29,26,17,13,31,41,56,33,54,33,29,26,22,-6,-237
47,57,23,68,12,24,-4,30,28,28,11,10,18,33,46,30,46,23,37,19,26,-16,-242
35,48,10,66,13,17,-29,25,27,30,0,8,5,23,36,25,36,11,42,11,26,-21,-244
29,42,2,65,17,17,-45,26,32,32,-10,8,-5,13,32,21,29,-1,48,8,27,-17,-242
32,41,0,67,23,23,-42,32,42,37,-14,7,-12,9,38,22,24,-10,53,10,34,-1,-237
45,45,3,68,31,30,-23,40,56,45,-12,4,-14,12,51,30,20,-13,57,15,46,22,-230
61,51,10,64,37,34,2,45,64,55,-6,0,-14,19,63,37,17,-13,57,20,58,46,-223
73,55,18,53,41,30,24,40,60,64,0,-3,-14,25,68,42,11,-13,53,24,60,65,-216
73,50,20,35,42,17,36,22,42,65,-1,-8,-17,27,62,40,1,-15,41,19,51,72,-211
58,35,10,12,40,-2,34,-9,14,53,-8,-12,-20,22,46,31,-14,-16,23,3,33,66,-207
32,13,-9,-15,35,-24,20,-45,-17,30,-21,-16,-27,12,23,14,-29,-15,1,-19,11,48,-203
-2,-16,-33,-45,19,-50,-4,-79,-52,-4,-39,-26,-40,-3,-5,-11,-47,-18,-24,-44,-13,21,-197
-40,-51,-58,-78,-11,-82,-33,-110,-87,-46,-63,-43,-61,-24,-38,-45,-69,-30,-53,-69,-40,-13,-190
-73,-83,-78,-109,-49,-112,-59,-131,-116,-87,-88,-64,-80,-43,-70,-80,-89,-42,-83,-90,-67,-49,-182
-94,-104,-86,-132,-86,-131,-75,-140,-134,-117,-105,-81,-90,-56,-94,-107,-103,-48,-106,-102,-91,-78,-174
-104,-114,-86,-147,-118,-142,-86,-140,-149,-135,-118,-97,-93,-66,-112,-125,-109,-49,-122,-107,-114,-100,-168
-106,-115,-83,-156,-142,-145,-95,-140,-161,-145,-126,-110,-88,-78,-125,-132,-111,-50,-135,-108,-134,-115,-167
-97,-107,-79,-152,-154,-139,-101,-138,-165,-143,-127,-114,-72,-86,-128,-127,-105,-48,-140,-103,-143,-119,-169
-82,-89,-70,-134,-149,-123,-101,-133,-156,-128,-120,-110,-52,-87,-119,-113,-89,-42,-136,-92,-138,-111,-169
-66,-68,-54,-107,-134,-100,-99,-122,-139,-109,-108,-102,-34,-83,-101,-95,-67,-38,-121,-76,-127,-95,-167
-47,-45,-30,-75,-111,-73,-92,-101,-112,-88,-91,-88,-19,-72,-75,-73,-43,-35,-99,-52,-111,-75,-160
-22,-18,-2,-34,-81,-43,-72,-67,-73,-63,-66,-66,-2,-50,-40,-45,-15,-28,-68,-15,-88,-50,-144
5,9,22,7,-48,-11,-44,-27,-30,-37,-39,-39,15,-24,-3,-14,12,-18,-34,27,-59,-29,-123
23,24,25,37,-24,13,-24,3,2,-20,-19,-21,20,-6,22,8,28,-12,-7,58,-38,-17,-101
26,25,7,51,-13,25,-17,18,15,-10,-12,-13,13,-2,30,17,30,-12,8,69,-24,-17,-80
21,18,-19,55,-10,31,-18,23,17,-2,-8,-10,3,-5,26,19,24,-12,15,66,-11,-21,-58
16,13,-39,57,-5,36,-20,24,16,8,1,-6,-2,-5,21,19,21,-5,18,53,5,-21,-34
15,11,-45,58,3,42,-20,24,17,20,13,1,-3,-2,17,21,21,7,23,33,20,-15,-5
21,16,-36,59,15,48,-16,27,21,31,28,9,-3,2,17,25,24,18,31,10,32,-3,31
37,29,-15,63,29,52,-6,31,29,44,46,19,-4,10,25,31,29,25,43,-10,40,12,75
57,42,7,64,40,50,5,33,34,55,59,24,-5,14,36,33,33,23,53,-29,44,22,119
66,45,21,55,38,36,8,23,29,58,61,16,-11,9,40,27,27,6,52,-50,36,20,155
59,34,23,35,21,9,-1,4,10,51,52,-6,-24,-7,32,11,11,-23,38,-72,16,6,175
39,16,21,11,-4,-20,-13,-15,-15,39,39,-32,-35,-23,19,-8,-9,-50,16,-89,-5,-13,179
16,-3,18,-11,-26,-45,-21,-28,-37,28,24,-49,-39,-32,3,-24,-27,-67,-8,-96,-19,-30,170
-11,-26,12,-31,-42,-65,-28,-39,-55,13,5,-57,-42,-40,-17,-42,-43,-77,-35,-100,-32,-47,148
-36,-49,2,-49,-51,-80,-37,-50,-70,-7,-17,-57,-48,-47,-43,-62,-57,-81,-60,-103,-47,-57,114
-50,-62,-7,-57,-49,-81,-40,-52,-75,-20,-32,-48,-48,-45,-60,-73,-60,-74,-73,-96,-56,-56,70
-43,-55,-8,-47,-35,-61,-31,-37,-64,-17,-34,-26,-32,-27,-56,-65,-45,-49,-67,-70,-51,-40,21
-23,-35,-3,-27,-19,-31,-18,-14,-45,-5,-24,-3,-6,0,-36,-45,-17,-15,-50,-31,-40,-18,-33
-6,-18,-4,-12,-16,-10,-14,0,-35,0,-16,8,13,17,-17,-26,6,12,-38,2,-37,-6,-87
-4,-15,-16,-10,-33,-5,-21,-4,-41,-8,-21,0,15,19,-11,-18,15,22,-40,17,-48,-12,-132
-17,-24,-31,-16,-62,-14,-33,-22,-58,-27,-38,-18,2,6,-15,-23,12,17,-52,14,-67,-34,-163
-39,-40,-44,-29,-91,-32,-46,-48,-78,-50,-62,-41,-18,-14,-28,-40,-1,3,-71,1,-87,-60,-178
-65,-55,-52,-44,-110,-52,-56,-68,-93,-73,-85,-62,-36,-34,-42,-59,-17,-11,-88,-14,-103,-80,-182
-85,-63,-54,-51,-110,-62,-58,-72,-94,-85,-97,-74,-44,-43,-50,-68,-29,-18,-95,-19,-105,-85,-183
-90,-57,-49,-43,-88,-54,-46,-55,-73,-81,-93,-73,-38,-37,-44,-57,-30,-10,-87,-9,-88,-72,-181
-78,-40,-40,-24,-54,-33,-28,-25,-37,-62,-76,-61,-24,-22,-27,-31,-24,8,-68,8,-54,-47,-179
-61,-24,-35,-7,-22,-13,-13,-2,-3,-46,-58,-48,-16,-15,-13,-3,-18,25,-47,18,-21,-24,-180
-44,-16,-36,1,-5,-4,-9,5,12,-39,-48,-38,-19,-20,-10,16,-17,27,-31,15,1,-10,-185
-29,-13,-40,1,-2,-3,-9,1,13,-39,-45,-32,-27,-32,-13,25,-21,16,-17,3,15,-4,-196
-13,-8,-43,0,-8,-6,-9,-8,8,-37,-44,-28,-33,-41,-14,26,-23,0,-3,-7,24,-2,-213
-2,-4,-46,-4,-18,-13,-11,-15,1,-33,-43,-26,-38,-44,-14,21,-25,-17,8,-15,27,-5,-225
3,-6,-52,-12,-30,-25,-15,-21,-10,-28,-40,-29,-44,-44,-15,14,-29,-34,10,-23,21,-15,-201
2,-11,-57,-20,-40,-40,-16,-25,-22,-23,-32,-33,-50,-42,-17,7,-36,-47,3,-34,10,-25,-81
3,-13,-49,-23,-39,-52,-10,-24,-27,-11,-16,-30,-53,-34,-16,5,-38,-49,-5,-46,2,-30,204
10,-7,-24,-19,-22,-56,3,-19,-24,8,5,-15,-49,-20,-11,5,-29,-38,-7,-53,0,-22,691
25,7,15,-11,4,-49,21,-11,-16,29,26,13,-37,-3,-1,6,-11,-19,-4,-55,4,-3,1343
39,22,55,-3,31,-34,38,-4,-6,42,39,42,-22,12,9,1,9,-2,2,-51,9,18,2022
42,27,82,0,46,-20,48,-3,1,40,42,60,-12,17,12,-13,19,6,2,-45,9,29,2526
26,16,84,-11,41,-15,43,-11,-1,19,31,60,-14,8,4,-37,14,4,-9,-42,0,22,2670
-7,-12,61,-38,13,-22,19,-30,-21,-18,10,40,-26,-15,-16,-67,-7,-9,-32,-45,-23,-3,2378
-47,-48,23,-69,-27,-38,-14,-52,-54,-63,-14,9,-41,-43,-43,-95,-38,-26,-60,-55,-56,-38,1735
-78,-75,-12,-89,-63,-51,-43,-65,-81,-95,-33,-20,-50,-62,-64,-109,-64,-37,-83,-65,-84,-70,951
-89,-81,-30,-85,-82,-51,-58,-60,-88,-101,-40,-38,-45,-63,-71,-104,-74,-32,-92,-68,-95,-87,263
-73,-62,-26,-57,-75,-36,-55,-37,-71,-80,-35,-38,-24,-47,-60,-79,-61,-13,-82,-58,-86,-85,-169
-37,-24,-6,-10,-49,-12,-37,0,-37,-44,-20,-22,3,-19,-36,-39,-31,12,-54,-37,-61,-66,-317
6,19,19,41,-14,15,-10,43,4,-5,0,3,29,12,-6,9,5,37,-17,-9,-28,-38,-278
41,55,37,80,17,35,13,78,40,26,14,26,42,36,22,51,35,53,20,19,4,-14,-185
58,74,44,97,35,38,21,93,58,42,15,34,37,46,40,77,52,48,47,41,22,-2,-132
57,75,39,91,36,28,14,86,57,42,3,24,20,39,48,83,53,26,58,54,20,-3,-139
44,64,29,73,26,15,1,64,45,35,-14,1,0,24,48,75,43,-4,54,59,9,-10,-175
26,49,19,50,12,1,-13,36,32,26,-31,-31,-16,5,43,58,25,-33,38,57,-4,-17,-210
1,27,6,21,-2,-17,-30,5,17,11,-51,-67,-32,-21,29,33,0,-60,11,42,-19,-26,-229
-28,2,-16,-10,-14,-39,-49,-24,-2,-8,-69,-99,-47,-51,9,7,-30,-82,-21,16,-38,-36,-232
-52,-21,-41,-34,-20,-57,-61,-42,-17,-25,-79,-114,-53,-74,-10,-14,-57,-94,-48,-12,-51,-40,-227
-66,-37,-63,-48,-18,-68,-65,-48,-25,-34,-77,-115,-52,-85,-22,-25,-71,-97,-66,-35,-54,-37,-219
-72,-49,-78,-59,-16,-79,-66,-51,-32,-39,-72,-108,-53,-89,-31,-35,-76,-101,-76,-53,-54,-35,-205
-68,-57,-86,-67,-21,-92,-64,-56,-46,-40,-66,-97,-58,-86,-38,-45,-74,-104,-81,-66,-54,-34,-183
-52,-57,-83,-68,-31,-100,-54,-63,-62,-33,-57,-79,-61,-70,-41,-51,-67,-100,-80,-69,-50,-28,-151
-28,-49,-71,-63,-41,-100,-37,-70,-73,-20,-46,-55,-61,-44,-38,-52,-55,-88,-75,-63,-41,-18,-118
-8,-39,-54,-61,-50,-99,-20,-79,-81,-8,-36,-32,-60,-20,-32,-52,-46,-74,-71,-55,-34,-10,-90
2,-32,-38,-63,-54,-98,-9,-85,-86,-2,-28,-12,-56,-3,-26,-54,-42,-59,-73,-48,-37,-9,-69
4,-25,-22,-65,-51,-93,-2,-84,-82,-3,-19,4,-45,8,-19,-57,-40,-42,-79,-39,-45,-11,-47
1,-19,-8,-66,-41,-81,1,-76,-72,-11,-12,11,-30,13,-14,-58,-39,-25,-87,-30,-54,-17,-20
-9,-19,2,-67,-30,-69,-5,-67,-61,-29,-12,7,-19,9,-16,-61,-42,-16,-96,-27,-65,-29,10
-23,-25,8,-63,-21,-59,-17,-55,-53,-50,-19,-4,-12,-3,-24,-62,-48,-14,-101,-28,-76,-43,38
-34,-30,15,-49,-14,-45,-24,-38,-43,-62,-28,-13,-2,-11,-31,-55,-51,-10,-97,-24,-80,-51,67
-33,-26,26,-23,-2,-23,-21,-12,-24,-57,-31,-12,12,-10,-30,-38,-43,1,-78,-10,-71,-47,99
-17,-8,43,10,15,6,-7,23,4,-35,-26,3,33,0,-17,-15,-19,16,-43,13,-50,-34,135
8,19,64,45,35,37,13,61,37,-2,-13,26,54,15,5,11,16,35,0,40,-25,-15,173
36,50,78,76,52,65,34,94,69,33,3,47,68,31,27,35,53,53,41,64,-1,3,211
61,76,80,98,61,85,50,114,94,60,18,60,71,44,45,57,84,68,75,76,19,18,250
76,93,71,111,66,94,58,121,107,79,32,64,65,53,58,77,104,74,103,75,36,31,290
81,100,58,119,71,97,60,119,111,94,49,65,57,59,67,96,114,72,125,67,54,44,334
80,101,50,128,77,99,64,113,110,110,70,70,50,62,77,114,116,66,144,57,75,60,381
79,100,49,136,84,102,69,105,106,126,90,80,44,63,86,127,113,59,156,47,97,74,430
80,98,54,142,89,107,76,95,102,140,104,94,40,60,92,131,108,52,161,34,117,86,479
86,99,64,145,95,113,87,86,97,152,114,108,38,57,96,132,104,47,158,24,132,95,532
90,97,73,141,96,113,96,77,90,157,115,116,37,53,96,127,98,42,146,16,139,101,590
85,85,71,121,84,97,93,62,71,147,103,107,32,46,86,111,82,31,121,5,129,99,648
66,61,55,82,59,66,74,37,40,117,82,81,20,36,65,80,56,12,84,-10,106,85,704
41,32,33,37,30,28,46,9,8,77,62,47,4,26,41,42,26,-9,43,-23,78,65,760
17,8,13,0,3,-2,18,-15,-15,40,46,19,-10,21,20,5,1,-24,8,-30,54,43,816
1,-9,0,-21,-19,-19,-5,-34,-24,12,34,3,-21,17,1,-26,-13,-27,-18,-32,32,22,871
-5,-19,-8,-26,-33,-21,-19,-42,-20,-5,27,-1,-26,12,-16,-45,-15,-19,-34,-29,14,6,927
-1,-20,-7,-18,-35,-9,-21,-38,-8,-9,26,9,-22,6,-27,-48,-4,-1,-38,-19,3,0,980
9,-12,1,-1,-27,10,-11,-19,7,1,32,30,-8,2,-31,-37,16,21,-29,1,-1,4,1030
18,1,14,18,-14,30,3,8,19,16,40,52,12,1,-26,-20,39,41,-12,25,0,14,1071
20,13,27,31,-1,46,16,34,26,28,48,68,32,3,-16,-3,58,56,6,48,3,22,1098
20,29,45,44,12,58,27,56,32,36,59,81,49,12,2,16,74,70,24,67,13,28,1111
24,50,70,61,28,73,38,76,42,45,74,95,68,34,28,38,91,86,44,88,31,36,1113
32,73,93,82,43,92,45,91,53,51,85,107,83,61,57,60,105,101,64,107,53,44,1103
38,87,99,97,51,104,42,95,57,48,83,107,87,82,76,74,109,106,74,114,66,42,1075
40,90,86,102,54,105,29,87,55,39,71,92,80,90,81,76,101,100,75,111,70,28,1027
43,89,66,106,61,102,17,80,54,35,59,72,70,91,81,77,88,90,75,105,72,12,961
48,88,48,111,72,97,16,77,60,41,50,53,61,89,82,82,76,79,81,100,73,2,877
52,85,36,112,82,87,22,75,65,51,45,36,53,80,80,89,65,65,88,89,73,1,774
55,80,32,108,86,76,33,70,68,63,45,24,45,66,76,94,56,52,92,71,73,8,655
57,75,36,103,87,70,49,66,69,73,49,22,40,50,72,97,52,39,93,49,73,25,525
57,68,40,92,80,66,64,60,61,76,51,21,33,34,64,91,48,24,88,23,71,42,386
50,53,36,74,66,55,71,50,44,70,45,16,20,16,49,71,36,5,74,-6,62,47,243
40,32,26,50,50,38,69,37,23,58,36,7,6,0,30,40,18,-13,54,-32,51,39,105
29,13,17,28,41,18,62,25,7,46,28,0,-5,-10,11,6,-4,-25,31,-45,38,24,-22
17,-8,14,5,33,-7,47,10,-9,31,20,-5,-16,-18,-8,-26,-29,-35,4,-47,20,7,-134
-2,-32,10,-22,19,-40,27,-11,-30,8,8,-13,-30,-27,-31,-57,-58,-47,-30,-43,-5,-9,-231
-24,-56,1,-51,1,-71,6,-38,-53,-20,-11,-21,-44,-37,-55,-86,-86,-57,-70,-36,-34,-21,-313
-48,-77,-13,-80,-18,-93,-13,-64,-77,-54,-35,-31,-53,-49,-78,-110,-110,-65,-109,-31,-62,-29,-382
-72,-98,-31,-107,-35,-107,-29,-84,-98,-89,-65,-45,-57,-63,-99,-128,-128,-71,-142,-30,-88,-39,-440
-88,-112,-43,-125,-45,-110,-36,-90,-108,-117,-94,-58,-49,-73,-115,-135,-140,-70,-158,-31,-103,-50,-484
-86,-114,-42,-127,-42,-97,-30,-75,-97,-130,-110,-60,-26,-71,-119,-129,-137,-54,-150,-23,-101,-56,-513
-72,-103,-29,-116,-29,-70,-19,-47,-68,-127,-110,-51,6,-61,-110,-113,-120,-26,-121,-6,-84,-56,-529
-58,-88,-13,-102,-18,-43,-13,-17,-34,-118,-100,-37,36,-52,-97,-93,-97,3,-85,13,-64,-53,-540
-49,-73,-2,-87,-14,-22,-12,7,-3,-108,-84,-23,57,-43,-82,-71,-75,27,-52,30,-46,-46,-545
-41,-55,4,-65,-9,1,-4,31,28,-93,-61,-6,73,-28,-62,-43,-51,51,-19,48,-21,-28,-543
-32,-32,7,-34,2,28,13,60,59,-70,-34,14,89,-7,-35,-6,-22,74,16,69,12,3,-534
-23,-7,11,2,19,54,37,92,84,-44,-8,33,103,14,-7,34,7,92,46,91,49,39,-521
-12,14,20,34,40,73,62,117,99,-18,13,46,110,27,16,70,29,100,69,105,82,71,-506
0,30,33,56,58,78,81,128,101,6,24,48,103,31,30,90,41,98,81,105,103,91,-491
8,36,43,62,68,66,86,119,88,21,25,41,80,24,32,91,40,85,75,86,108,94,-479
9,32,43,53,67,41,73,90,62,25,20,25,43,9,26,76,29,60,55,52,95,80,-472
7,23,38,38,59,12,54,52,31,22,18,4,2,-5,19,53,13,27,30,14,73,57,-469
9,15,32,29,53,-8,40,22,7,20,24,-13,-30,-6,19,35,1,-4,13,-16,53,38,-463
20,16,30,31,54,-11,39,9,1,28,40,-18,-44,8,32,31,3,-23,14,-24,46,31,-453
36,23,31,40,58,1,47,10,10,43,61,-11,-43,30,49,36,15,-25,28,-14,49,34,-443
46,25,29,39,54,11,50,8,19,55,72,-4,-39,41,55,37,25,-23,40,-5,50,32,-437
36,12,17,20,33,6,37,-11,13,51,63,-8,-44,30,39,21,20,-26,35,-18,35,14,-436
10,-12,-5,-15,-3,-17,8,-41,-10,32,39,-22,-56,2,7,-9,4,-38,13,-51,7,-18,-434
-21,-40,-31,-52,-41,-46,-26,-72,-42,7,11,-40,-70,-28,-28,-45,-14,-54,-15,-90,-27,-51,-428
-47,-63,-57,-82,-72,-71,-52,-94,-78,-17,-13,-58,-80,-47,-56,-74,-26,-72,-41,-122,-59,-75,-416
-61,-78,-74,-99,-91,-82,-63,-102,-107,-36,-30,-70,-81,-51,-73,-87,-29,-84,-60,-137,-85,-84,-398
-63,-82,-75,-102,-96,-79,-57,-94,-120,-47,-37,-71,-71,-41,-77,-87,-26,-81,-66,-133,-96,-80,-379
-58,-77,-62,-95,-89,-64,-41,-77,-115,-52,-39,-58,-53,-26,-73,-81,-22,-58,-63,-112,-94,-66,-363
-53,-69,-39,-84,-74,-44,-21,-56,-96,-55,-39,-36,-31,-16,-67,-74,-21,-25,-59,-81,-81,-48,-354
-54,-59,-13,-72,-58,-25,-7,-34,-71,-59,-41,-13,-8,-17,-61,-73,-25,3,-58,-48,-64,-34,-347
-58,-52,9,-64,-45,-13,-3,-16,-46,-67,-47,1,10,-30,-57,-77,-32,18,-60,-19,-47,-27,-342
-63,-48,20,-58,-38,-8,-11,-3,-28,-76,-59,1,19,-46,-58,-83,-39,20,-62,1,-37,-26,-334
-59,-42,22,-51,-36,-4,-25,3,-14,-80,-70,-9,21,-56,-57,-80,-39,15,-60,14,-31,-29,-323
-40,-27,22,-36,-32,4,-35,8,2,-75,-72,-19,23,-51,-45,-61,-28,12,-46,27,-26,-31,-305
-13,-2,23,-19,-26,13,-39,13,19,-63,-65,-25,26,-33,-25,-32,-12,17,-24,35,-18,-30,-282
9,19,20,-9,-25,15,-45,13,28,-53,-56,-32,23,-15,-5,-8,-2,25,-5,32,-16,-31,-261
15,26,7,-13,-30,3,-59,2,22,-52,-53,-43,10,-9,5,4,-8,21,2,17,-27,-39,-249
5,18,-16,-27,-39,-18,-75,-16,3,-57,-54,-58,-10,-14,6,5,-28,2,-4,-6,-48,-51,-243
-9,4,-42,-41,-45,-41,-84,-36,-21,-61,-56,-75,-30,-26,1,5,-51,-21,-15,-27,-65,-61,-239
-20,-9,-65,-49,-45,-62,-85,-55,-45,-59,-58,-91,-47,-39,-9,5,-69,-40,-21,-42,-72,-67,-235
-25,-17,-81,-51,-42,-77,-79,-70,-63,-49,-61,-101,-57,-47,-19,6,-78,-52,-19,-51,-69,-66,-229
-25,-19,-90,-47,-35,-87,-66,-77,-72,-33,-64,-102,-60,-44,-22,8,-78,-56,-11,-56,-56,-58,-219
-20,-16,-93,-42,-28,-93,-53,-77,-73,-18,-65,-96,-62,-32,-19,9,-69,-55,-3,-63,-41,-46,-206
-19,-15,-90,-44,-28,-102,-47,-78,-75,-10,-68,-92,-71,-20,-16,0,-62,-55,-4,-76,-34,-36,-197
-24,-24,-85,-56,-38,-116,-55,-87,-85,-14,-74,-93,-87,-19,-20,-23,-64,-62,-24,-98,-43,-37,-194
-34,-40,-78,-74,-53,-131,-70,-103,-101,-29,-82,-100,-108,-25,-29,-56,-74,-74,-59,-120,-65,-49,-193
-42,-55,-67,-93,-67,-144,-84,-122,-119,-49,-89,-106,-126,-37,-41,-93,-86,-82,-99,-132,-87,-66,-188
-46,-67,-52,-109,-78,-151,-92,-137,-133,-69,-97,-108,-137,-50,-54,-127,-97,-81,-135,-128,-101,-84,-178
-46,-73,-38,-121,-85,-148,-93,-142,-141,-86,-106,-106,-136,-62,-66,-154,-103,-75,-159,-111,-108,-98,-165
-44,-75,-28,-128,-88,-136,-86,-135,-141,-101,-110,-98,-121,-69,-75,-165,-102,-68,-167,-85,-111,-103,-154
-40,-74,-22,-128,-87,-115,-72,-116,-131,-113,-107,-86,-96,-71,-77,-159,-95,-58,-158,-57,-110,-100,-148
-34,-68,-19,-119,-81,-87,-49,-88,-108,-119,-97,-70,-61,-65,-74,-137,-84,-41,-135,-27,-104,-88,-146
-28,-55,-19,-102,-67,-50,-21,-53,-72,-116,-83,-54,-20,-53,-64,-105,-70,-16,-101,3,-90,-65,-147
-27,-41,-27,-85,-48,-12,2,-19,-31,-110,-69,-40,20,-36,-53,-72,-60,10,-67,29,-71,-38,-148
-35,-34,-44,-77,-33,17,15,6,6,-106,-63,-32,48,-23,-46,-47,-58,31,-40,48,-50,-16,-150
-48,-33,-62,-77,-22,32,19,21,33,-105,-64,-28,59,-18,-46,-30,-62,41,-23,60,-31,-4,-152
-58,-33,-69,-75,-11,37,21,32,52,-100,-64,-26,58,-19,-49,-15,-64,41,-12,68,-12,2,-153
-61,-31,-62,-66,4,39,26,43,66,-89,-59,-22,54,-25,-47,1,-60,34,0,73,4,6,-151
-56,-26,-43,-48,22,36,35,53,76,-74,-51,-15,49,-34,-39,17,-52,24,13,74,16,10,-148
-49,-20,-23,-28,41,26,45,62,83,-56,-42,-10,42,-43,-27,32,-43,14,29,67,23,14,-143
-42,-14,-9,-7,58,12,54,67,91,-35,-32,-5,37,-46,-13,44,-34,8,45,56,29,22,-138
-35,-7,-6,10,70,1,61,68,100,-13,-19,-1,37,-41,3,51,-24,5,62,43,37,40,-135
-28,-3,-11,19,73,-9,65,61,105,4,-5,0,37,-30,16,51,-17,-2,72,29,45,61,-134
-23,-4,-19,17,63,-21,63,42,100,14,7,-2,32,-19,20,39,-14,-16,72,12,47,74,-136
-19,-8,-28,8,42,-31,57,12,84,16,16,-7,21,-10,17,18,-13,-35,60,-6,42,74,-137
-14,-11,-35,-4,19,-38,48,-24,61,14,22,-11,6,-2,10,-7,-11,-52,40,-26,32,64,-132
-6,-14,-43,-19,0,-45,34,-58,33,8,23,-15,-13,1,2,-32,-5,-66,16,-47,17,46,-123
0,-18,-53,-38,-13,-56,16,-86,2,1,23,-21,-33,-1,-4,-54,3,-74,-6,-66,-1,20,-116
6,-20,-61,-55,-22,-64,-2,-103,-24,-3,23,-28,-46,-4,-8,-66,14,-73,-21,-79,-16,-4,-112
15,-16,-63,-63,-29,-64,-20,-106,-40,-4,25,-31,-48,-6,-8,-68,24,-63,-31,-85,-24,-19,-112
23,-9,-55,-61,-40,-53,-34,-98,-51,-3,27,-30,-39,-6,-6,-62,30,-53,-37,-83,-28,-22,-114
28,0,-36,-50,-54,-32,-43,-82,-57,-2,31,-26,-23,-1,-1,-52,33,-44,-41,-69,-32,-19,-114
31,13,-7,-32,-65,-2,-43,-59,-57,2,37,-16,-1,10,7,-39,36,-35,-41,-46,-36,-14,-108
29,22,23,-11,-68,28,-37,-35,-54,8,45,-1,17,24,15,-27,41,-25,-39,-19,-42,-10,-100
19,22,44,5,-65,50,-30,-16,-51,11,48,12,25,30,19,-21,44,-15,-38,3,-49,-13,-97
6,15,51,13,-58,62,-24,-4,-47,12,44,21,24,27,18,-19,44,-5,-37,18,-54,-24,-104
-4,7,46,22,-48,69,-19,8,-37,12,39,29,22,18,14,-16,43,8,-33,28,-50,-35,-117
-8,5,35,34,-36,73,-15,22,-19,12,37,39,22,8,12,-10,39,23,-25,33,-36,-39,-133
-4,9,24,49,-23,75,-10,35,2,11,37,48,23,2,12,-1,34,36,-14,36,-14,-35,-144
5,19,18,64,-8,79,1,50,21,11,38,54,29,4,18,11,29,42,2,44,10,-23,-146
15,32,17,79,11,83,18,63,39,13,41,55,36,10,27,23,27,41,24,55,31,-6,-140
21,42,14,89,30,84,36,69,52,15,40,48,37,14,35,31,26,34,46,63,44,12,-129
18,42,6,91,40,78,47,62,59,14,30,31,28,8,35,32,20,22,58,60,46,24,-119
9,34,-6,84,38,64,46,43,60,10,14,4,13,-8,28,27,9,6,59,48,38,28,-113
0,22,-18,70,27,43,34,23,59,6,-2,-26,-3,-27,15,19,-5,-10,53,30,29,26,-111
-4,7,-28,52,14,18,16,5,55,5,-12,-51,-16,-42,0,12,-19,-25,42,10,20,23,-110
-6,-11,-34,30,1,-8,-4,-9,45,4,-20,-67,-26,-50,-15,8,-32,-40,29,-12,11,19,-110
-5,-27,-37,11,-9,-29,-19,-17,29,6,-26,-72,-31,-47,-24,9,-39,-52,18,-29,4,16,-110
5,-31,-32,4,-8,-37,-19,-16,15,18,-23,-60,-26,-29,-17,16,-30,-56,18,-34,5,21,-107
27,-16,-13,15,8,-29,-3,-4,7,44,-6,-31,-7,3,7,32,0,-45,31,-26,17,39,-101
57,15,17,40,33,-9,25,15,6,80,22,7,19,42,41,53,42,-22,48,-8,38,65,-92
87,52,54,67,60,13,53,35,10,113,52,42,46,79,74,69,84,8,62,13,59,87,-81
113,86,88,90,82,33,74,50,15,135,79,68,67,108,100,76,117,37,71,32,76,98,-70
128,107,110,102,90,48,82,56,17,141,96,84,77,123,111,71,134,59,71,44,82,94,-62
122,107,113,98,80,56,72,52,12,129,95,86,75,120,105,53,132,67,60,43,73,74,-56
96,89,97,81,51,58,47,38,0,101,77,78,62,102,85,27,113,61,39,31,49,39,-51
65,65,73,60,17,61,17,23,-13,71,53,67,47,79,62,1,90,49,18,18,18,0,-46
41,48,54,48,-9,69,-3,20,-16,52,36,60,39,64,47,-13,78,39,7,13,-6,-29,-39
31,42,47,48,-16,84,-8,32,-3,48,30,57,42,62,43,-9,77,37,9,20,-13,-41,-25
32,47,49,58,-2,98,1,57,24,57,35,57,53,69,51,10,84,43,22,36,-4,-37,0
39,58,53,73,24,107,16,85,54,69,43,55,67,78,64,33,93,52,42,57,14,-20,34
45,66,52,84,46,106,27,103,76,77,48,48,78,80,75,51,95,55,59,76,29,1,71
44,68,44,86,55,92,28,107,84,78,46,38,82,72,78,58,86,48,66,85,36,18,109
36,62,32,80,53,71,22,98,80,71,37,26,77,54,71,56,68,37,61,84,37,31,142
24,51,17,71,43,50,15,81,75,59,28,16,65,31,57,49,47,25,48,79,36,40,166
11,39,5,63,36,35,14,64,74,48,23,12,49,13,42,43,30,18,37,77,41,47,177
3,30,1,59,39,26,23,54,82,45,27,14,35,5,33,42,23,21,34,80,53,58,175
-1,25,2,57,52,21,39,50,94,48,38,22,28,7,31,47,24,32,38,84,69,74,164
-2,20,2,50,65,14,56,46,100,51,50,29,24,10,31,49,23,40,45,84,77,88,140
-5,13,-1,35,68,4,64,36,95,49,58,31,23,9,28,45,16,38,47,77,72,95,103
-11,0,-6,12,57,-10,62,18,78,39,58,29,22,1,19,32,1,25,41,59,54,89,52
-20,-18,-14,-16,35,-24,49,-5,55,25,48,23,18,-15,3,11,-19,2,26,30,33,72,-5
-30,-38,-27,-44,10,-36,30,-30,33,8,32,16,12,-36,-18,-12,-39,-24,6,-3,15,49,-61
-41,-56,-42,-69,-11,-44,9,-50,14,-8,15,9,5,-54,-40,-35,-53,-47,-14,-33,0,25,-107
-51,-71,-56,-87,-25,-50,-14,-62,-4,-24,2,0,-3,-68,-60,-55,-57,-61,-31,-56,-15,4,-138
-57,-77,-63,-96,-31,-51,-31,-65,-21,-34,-3,-7,-7,-71,-73,-69,-52,-65,-42,-68,-30,-10,-152
-53,-71,-55,-89,-28,-44,-34,-52,-28,-34,6,-5,-2,-60,-72,-68,-33,-54,-39,-62,-40,-9,-152
-39,-50,-28,-64,-18,-23,-21,-23,-23,-21,27,11,11,-35,-56,-55,-2,-31,-23,-37,-41,4,-143
-20,-23,10,-25,-5,7,1,12,-9,-1,56,36,31,-5,-31,-35,36,-1,2,-3,-33,21,-131
-3,4,47,16,8,42,22,46,10,21,82,66,53,26,-5,-14,73,29,27,28,-20,36,-125
12,25,73,55,19,75,39,73,29,40,102,95,75,53,18,9,103,56,47,49,-1,45,-127
28,45,88,88,29,107,52,95,49,55,119,121,96,78,38,34,126,78,63,63,21,50,-135
46,62,96,117,42,133,61,111,64,66,131,140,114,98,55,62,140,96,75,74,43,52,-150
60,71,95,132,50,146,60,118,70,71,131,143,120,106,63,85,143,104,83,80,60,46,-174
65,69,85,129,49,141,47,114,64,69,114,130,107,98,61,99,133,95,87,79,67,32,-193
65,62,71,119,45,125,30,103,57,66,90,106,82,82,56,104,118,78,93,75,71,17,-173
65,60,57,109,46,108,18,95,55,70,71,82,56,66,55,102,106,63,105,71,76,7,-61
63,60,40,101,50,92,11,87,53,76,60,55,34,53,55,93,95,49,116,63,80,4,199
57,57,21,94,53,76,8,77,51,79,57,29,18,42,54,78,82,35,119,48,75,8,647
54,57,12,95,59,66,16,71,56,84,63,14,15,36,53,69,70,29,116,34,68,23,1259
58,62,16,104,73,64,40,75,73,93,77,17,23,38,57,70,64,33,113,27,65,50,1921
56,61,25,106,86,60,64,76,87,98,84,25,29,34,54,71,55,33,102,21,61,75,2437
38,40,24,84,82,42,73,56,82,86,68,22,16,13,33,56,32,17,75,0,46,79,2606
6,2,10,39,59,10,63,16,56,59,34,7,-17,-20,-1,24,-1,-15,32,-35,19,61,2326
-26,-37,-13,-14,24,-26,39,-31,13,24,-8,-14,-59,-54,-36,-17,-36,-50,-15,-76,-10,30,1661
-55,-72,-40,-67,-16,-60,2,-80,-42,-15,-50,-42,-102,-82,-68,-60,-70,-84,-61,-114,-40,-9,813
-80,-103,-68,-115,-60,-92,-44,-126,-104,-57,-89,-74,-139,-107,-98,-98,-101,-112,-105,-145,-74,-52,36
-96,-121,-87,-146,-98,-114,-85,-159,-155,-92,-117,-98,-161,-120,-120,-119,-121,-126,-135,-160,-104,-89,-470
-93,-118,-87,-149,-117,-114,-103,-166,-175,-108,-121,-103,-155,-114,-123,-116,-120,-117,-143,-150,-118,-107,-642
-76,-96,-73,-128,-116,-92,-97,-149,-166,-103,-103,-91,-128,-89,-109,-97,-99,-89,-131,-122,-113,-105,-563
-56,-69,-57,-97,-105,-60,-77,-124,-143,-88,-75,-72,-93,-58,-88,-77,-72,-53,-112,-91,-103,-95,-394
-40,-47,-45,-65,-94,-28,-56,-103,-117,-72,-51,-53,-60,-30,-68,-63,-47,-20,-96,-65,-94,-81,-260
-26,-28,-35,-34,-83,0,-35,-81,-89,-54,-29,-33,-30,-4,-48,-54,-27,9,-81,-43,-81,-61,-204
-11,-12,-22,-6,-67,20,-17,-57,-61,-37,-12,-13,-5,17,-31,-43,-11,32,-65,-22,-62,-40,-203
-1,-2,-7,14,-49,30,-9,-34,-40,-26,-4,3,13,28,-18,-29,-1,42,-48,-2,-39,-26,-219
9,8,16,30,-27,36,-6,-10,-21,-15,1,17,29,28,-6,-9,9,43,-27,20,-10,-20,-228
27,27,46,50,0,48,2,22,5,2,12,35,47,29,15,21,27,46,4,48,25,-10,-226
55,56,76,76,32,69,17,61,39,27,31,57,66,37,45,58,52,55,44,79,65,7,-220
81,87,96,102,59,91,34,94,73,51,51,77,76,46,76,92,75,66,80,105,96,28,-217
94,109,100,120,73,102,48,108,97,63,64,84,73,50,97,111,87,70,103,116,112,47,-214
87,112,86,122,68,92,52,100,105,58,64,72,57,44,98,111,82,60,105,107,110,57,-206
61,91,55,100,46,60,40,72,89,37,48,40,27,26,77,93,55,33,88,77,88,49,-193
24,53,14,58,15,14,15,32,57,7,19,-3,-10,0,43,61,15,-6,57,34,56,24,-178
-6,18,-20,16,-8,-28,-11,-5,21,-15,-8,-42,-38,-21,12,29,-24,-42,25,-7,28,-4,-161
-16,1,-38,-10,-12,-51,-22,-25,-3,-18,-23,-62,-48,-27,-3,9,-48,-61,1,-32,16,-20,-144
-6,3,-39,-18,2,-56,-17,-29,-9,-3,-24,-62,-43,-18,-2,4,-52,-59,-12,-38,17,-19,-125
11,15,-28,-14,21,-52,-4,-28,-4,17,-18,-49,-37,-3,6,5,-44,-46,-23,-36,25,-8,-101
24,24,-17,-9,32,-52,5,-33,-1,28,-17,-33,-40,5,8,2,-33,-32,-39,-37,29,4,-73
23,20,-13,-13,25,-63,3,-49,-11,23,-25,-24,-54,-2,-1,-12,-30,-28,-61,-50,18,4,-47
8,-1,-17,-31,-2,-84,-13,-75,-35,2,-43,-28,-76,-24,-23,-38,-38,-37,-86,-73,-11,-13,-26
-15,-30,-28,-60,-41,-107,-37,-99,-68,-26,-66,-40,-95,-51,-48,-68,-53,-53,-108,-100,-52,-40,-5
-37,-54,-39,-85,-77,-121,-58,-113,-97,-53,-84,-54,-102,-70,-66,-91,-69,-68,-120,-118,-88,-67,23
-51,-68,-45,-99,-98,-122,-71,-116,-113,-72,-92,-65,-94,-75,-75,-102,-79,-79,-121,-119,-112,-86,56
-58,-70,-44,-104,-104,-115,-77,-111,-116,-84,-92,-73,-79,-69,-76,-101,-83,-84,-116,-109,-123,-96,89
-60,-67,-41,-100,-102,-106,-78,-105,-113,-91,-89,-79,-68,-59,-75,-96,-81,-83,-110,-96,-124,-100,120
-56,-59,-38,-88,-97,-94,-77,-99,-107,-92,-88,-81,-63,-48,-71,-89,-74,-76,-106,-84,-118,-104,151
-44,-44,-36,-65,-91,-77,-74,-90,-97,-86,-84,-74,-56,-37,-63,-82,-59,-61,-99,-72,-107,-106,186
-25,-24,-35,-32,-85,-52,-69,-73,-80,-71,-76,-58,-42,-25,-48,-70,-37,-37,-86,-55,-92,-102,224
-4,-1,-33,7,-76,-23,-62,-49,-56,-47,-63,-36,-21,-11,-28,-50,-10,-8,-65,-31,-71,-89,262
17,22,-28,48,-64,6,-50,-23,-27,-20,-45,-11,4,3,-5,-20,18,18,-36,0,-42,-67,301
32,45,-18,83,-47,29,-36,-1,4,7,-25,12,28,15,17,16,42,36,-4,31,-8,-42,343
40,62,-1,105,-26,42,-22,15,31,27,-8,27,40,23,37,48,58,41,26,56,23,-18,393
41,71,20,109,-3,42,-10,23,45,36,1,30,35,24,49,67,64,32,50,67,43,-1,451
37,73,36,96,17,32,-4,23,44,35,-4,20,18,19,53,70,56,14,62,65,49,4,514
30,67,42,70,28,16,-7,20,32,25,-16,0,-4,12,48,61,37,-9,59,55,44,0,577
22,54,37,37,29,-4,-16,15,15,11,-32,-25,-24,5,38,45,10,-29,43,41,34,-6,638
16,36,24,2,24,-27,-27,6,-2,-4,-47,-50,-42,0,24,29,-19,-44,20,22,23,-10,698
10,14,6,-28,13,-53,-30,-8,-16,-15,-59,-73,-54,-5,8,15,-47,-54,-8,0,12,-13,758
1,-10,-11,-53,-1,-77,-27,-29,-29,-26,-69,-87,-62,-13,-10,0,-69,-61,-40,-27,0,-16,817
-13,-33,-27,-73,-16,-99,-22,-52,-41,-37,-78,-93,-71,-24,-29,-21,-84,-70,-71,-54,-13,-21,870
-29,-52,-37,-85,-28,-114,-17,-75,-54,-49,-89,-90,-79,-35,-44,-46,-93,-80,-95,-77,-27,-26,914
-39,-60,-39,-84,-34,-115,-10,-88,-64,-55,-96,-78,-78,-39,-51,-66,-92,-85,-108,-88,-34,-28,945
-36,-55,-31,-72,-34,-101,-2,-89,-71,-52,-90,-56,-67,-36,-49,-76,-81,-82,-110,-82,-29,-25,959
-27,-45,-22,-55,-32,-81,1,-84,-76,-46,-75,-34,-53,-28,-43,-79,-64,-74,-105,-68,-20,-23,957
-20,-40,-17,-46,-32,-65,-5,-82,-84,-42,-58,-19,-42,-21,-39,-80,-47,-65,-98,-56,-18,-25,941
-17,-39,-18,-42,-31,-51,-16,-84,-91,-40,-41,-9,-34,-16,-40,-80,-33,-55,-91,-48,-24,-32,916
-18,-39,-22,-41,-30,-39,-29,-85,-90,-39,-27,0,-25,-14,-43,-74,-19,-39,-81,-43,-35,-41,881
-24,-39,-31,-42,-32,-32,-42,-81,-83,-42,-20,6,-17,-17,-47,-66,-8,-22,-69,-38,-50,-54,832
-38,-39,-42,-45,-37,-30,-57,-75,-73,-49,-23,5,-15,-23,-53,-57,-2,-10,-56,-36,-68,-69,763
-52,-36,-48,-43,-44,-31,-69,-66,-62,-55,-32,-2,-17,-29,-57,-44,1,-4,-45,-32,-79,-81,674
-60,-30,-49,-33,-47,-30,-77,-54,-51,-55,-39,-13,-23,-30,-54,-30,5,1,-35,-25,-80,-87,565
-63,-22,-45,-21,-48,-27,-81,-42,-43,-52,-43,-27,-31,-25,-45,-17,9,3,-25,-16,-71,-88,440
-63,-17,-41,-11,-46,-20,-79,-33,-38,-47,-44,-40,-40,-16,-32,-9,11,1,-16,-5,-57,-83,303
-56,-12,-37,-4,-38,-8,-70,-23,-30,-40,-42,-47,-43,-4,-16,0,11,0,-5,7,-36,-69,161
-40,-5,-33,2,-23,12,-51,-4,-12,-29,-34,-44,-32,9,3,12,9,5,12,21,-10,-46,21
-17,4,-32,2,-3,31,-29,20,13,-16,-22,-32,-10,18,21,28,4,15,32,34,15,-18,-114
0,8,-37,-8,13,42,-13,42,36,-9,-11,-19,11,18,29,40,-7,21,51,40,31,6,-239
3,0,-49,-26,20,38,-11,49,50,-12,-3,-12,21,6,24,41,-25,18,58,36,34,20,-352
-9,-19,-64,-48,16,23,-21,37,50,-22,1,-14,14,-15,6,30,-49,9,52,21,25,21,-447
-33,-44,-79,-68,5,-1,-36,8,38,-36,-1,-24,-5,-41,-19,8,-71,-5,35,-2,10,11,-521
-60,-66,-90,-83,-8,-26,-46,-29,20,-49,-8,-37,-30,-63,-42,-16,-87,-21,14,-26,-6,0,-574
-82,-83,-96,-93,-22,-49,-47,-65,-1,-57,-20,-51,-53,-79,-61,-38,-97,-37,-9,-46,-20,-10,-613
-96,-97,-102,-102,-38,-73,-45,-97,-24,-61,-38,-68,-72,-91,-79,-59,-103,-56,-34,-65,-37,-18,-642
-104,-109,-105,-116,-58,-98,-48,-123,-48,-67,-57,-85,-86,-102,-98,-81,-107,-76,-61,-86,-57,-29,-664
-108,-119,-105,-132,-78,-124,-56,-139,-72,-76,-71,-101,-94,-111,-116,-101,-111,-91,-87,-104,-76,-43,-680
-110,-124,-98,-146,-99,-146,-65,-144,-93,-90,-74,-112,-95,-115,-129,-120,-113,-99,-113,-116,-92,-60,-687
-110,-126,-87,-154,-116,-160,-75,-142,-112,-110,-70,-120,-89,-116,-137,-137,-114,-99,-137,-120,-103,-76,-687
-108,-122,-73,-155,-125,-161,-80,-134,-127,-128,-61,-122,-74,-108,-135,-149,-115,-94,-152,-117,-107,-86,-684
-97,-109,-57,-146,-120,-145,-74,-119,-132,-135,-45,-111,-50,-90,-120,-147,-110,-82,-150,-98,-103,-84,-678
-77,-85,-40,-126,-105,-112,-59,-96,-121,-125,-22,-86,-18,-62,-89,-127,-93,-62,-128,-61,-88,-68,-671
-59,-64,-30,-105,-94,-74,-46,-74,-101,-107,0,-57,10,-37,-59,-98,-69,-43,-95,-19,-72,-50,-663
-59,-61,-36,-99,-99,-49,-49,-66,-86,-96,7,-40,18,-34,-47,-76,-52,-36,-71,4,-67,-46,-658
-76,-73,-58,-108,-119,-43,-68,-72,-78,-98,-1,-37,8,-51,-54,-65,-46,-39,-59,4,-71,-58,-652
-93,-84,-80,-113,-134,-40,-84,-74,-65,-101,-10,-35,-4,-67,-63,-52,-40,-35,-49,-1,-68,-70,-641
-94,-80,-91,-102,-132,-30,-84,-58,-42,-93,-12,-25,-3,-65,-60,-31,-28,-17,-28,2,-51,-65,-624
-82,-64,-88,-77,-112,-12,-71,-27,-12,-75,-7,-8,11,-44,-44,-3,-14,8,1,12,-24,-44,-605
-61,-41,-72,-43,-76,12,-49,13,20,-48,8,16,30,-10,-19,28,3,35,35,28,8,-13,-591
-37,-14,-43,-2,-31,41,-20,56,54,-17,30,43,50,28,10,61,23,60,72,49,41,20,-580
-15,10,-9,35,10,67,8,88,81,10,51,62,62,56,36,86,40,73,102,63,67,47,-570
-5,20,14,58,36,78,22,98,89,23,56,62,55,63,46,93,42,65,112,61,76,58,-559
-4,16,21,64,45,70,22,84,76,19,44,44,32,50,39,78,27,36,100,42,68,53,-545
-5,5,15,56,43,52,14,57,52,8,23,16,4,26,22,53,4,1,76,15,53,37,-530
-3,-8,3,40,34,31,5,29,27,-1,4,-10,-17,2,5,25,-18,-30,51,-10,39,20,-511
0,-18,-10,18,24,10,-3,8,5,-6,-8,-26,-26,-18,-10,3,-33,-51,32,-30,29,6,-493
0,-28,-20,-7,12,-10,-12,-6,-11,-9,-10,-31,-28,-34,-23,-15,-39,-60,19,-47,20,-8,-480
-5,-40,-28,-32,-1,-29,-19,-15,-20,-11,-6,-29,-29,-43,-35,-30,-38,-61,11,-63,12,-21,-471
-13,-51,-32,-52,-15,-45,-23,-24,-27,-13,0,-23,-31,-47,-44,-43,-34,-57,4,-75,2,-31,-463
-24,-60,-36,-69,-29,-59,-26,-35,-38,-13,0,-18,-36,-48,-51,-57,-30,-54,-6,-85,-10,-36,-453
-35,-66,-37,-80,-43,-71,-29,-47,-51,-14,-7,-15,-40,-50,-57,-71,-27,-53,-22,-89,-26,-37,-443
-40,-66,-32,-82,-53,-74,-27,-55,-62,-14,-17,-13,-36,-50,-61,-82,-22,-50,-39,-81,-39,-32,-434
-37,-58,-19,-79,-57,-68,-17,-58,-66,-16,-24,-10,-21,-48,-61,-88,-16,-46,-52,-62,-45,-21,-425
-30,-46,-3,-72,-58,-58,-4,-55,-67,-22,-31,-7,2,-46,-60,-89,-12,-42,-60,-39,-48,-8,-416
-24,-35,6,-64,-58,-49,7,-47,-66,-32,-37,-7,23,-41,-57,-91,-15,-39,-65,-19,-51,2,-404
-23,-30,5,-57,-59,-45,10,-40,-62,-49,-43,-11,35,-34,-54,-96,-24,-39,-69,-7,-55,4,-390
-31,-37,-10,-60,-64,-47,1,-39,-62,-71,-54,-21,32,-35,-56,-107,-43,-42,-75,-10,-62,-9,-377
-49,-54,-35,-72,-71,-54,-18,-40,-63,-94,-72,-34,20,-45,-64,-119,-65,-43,-82,-20,-69,-30,-365
-63,-66,-55,-78,-67,-51,-34,-31,-56,-106,-84,-40,10,-54,-65,-119,-76,-34,-79,-20,-64,-45,-354
-62,-61,-59,-67,-44,-31,-35,-8,-32,-99,-82,-30,14,-53,-54,-98,-68,-9,-59,2,-38,-44,-345
-49,-43,-51,-46,-10,-3,-21,23,2,-80,-71,-9,26,-45,-34,-61,-50,24,-26,39,-2,-29,-335
-34,-25,-41,-26,19,18,-2,49,32,-62,-60,9,34,-38,-18,-22,-31,51,8,73,29,-6,-325
-24,-11,-32,-12,35,28,16,62,51,-50,-51,16,32,-33,-8,13,-20,60,34,93,45,17,-316
-18,-4,-24,-1,40,30,30,63,59,-42,-44,12,21,-28,-3,38,-14,54,50,95,49,34,-310
-13,-1,-12,7,39,28,40,58,60,-32,-37,-1,8,-24,-1,51,-13,39,56,79,44,42,-310
-6,0,1,15,38,24,46,51,57,-18,-30,-16,-3,-20,0,54,-15,21,51,51,34,44,-315
5,5,10,24,41,22,52,46,50,1,-19,-27,-7,-15,3,51,-19,2,39,25,24,42,-320
18,11,13,32,49,22,57,39,42,24,-7,-27,-9,-8,9,45,-25,-11,23,6,18,37,-322
25,12,9,31,55,18,59,25,27,41,0,-23,-15,-7,12,35,-33,-20,1,-8,12,26,-321
22,5,-1,15,50,3,53,2,4,42,-2,-19,-28,-14,8,18,-43,-31,-24,-23,0,10,-317
12,-7,-11,-11,36,-17,42,-24,-22,27,-9,-19,-44,-23,-1,-1,-50,-42,-46,-36,-14,-9,-308
2,-19,-13,-36,17,-33,31,-46,-43,5,-19,-22,-57,-29,-11,-22,-51,-48,-62,-43,-27,-27,-298
-4,-27,-5,-52,-4,-42,21,-58,-51,-14,-28,-28,-61,-30,-18,-40,-48,-46,-70,-45,-36,-43,-291
-3,-27,9,-58,-20,-44,13,-59,-50,-26,-35,-32,-53,-24,-22,-56,-43,-36,-69,-41,-43,-52,-287
2,-24,20,-56,-32,-43,8,-53,-44,-33,-38,-33,-36,-16,-24,-70,-39,-25,-64,-35,-50,-54,-285
5,-23,23,-52,-46,-42,0,-47,-41,-42,-40,-33,-17,-12,-29,-82,-40,-16,-61,-28,-60,-52,-286
1,-26,17,-49,-60,-42,-15,-44,-44,-50,-42,-35,-3,-15,-37,-91,-41,-12,-62,-26,-69,-51,-289
-7,-27,7,-42,-69,-40,-30,-38,-50,-55,-43,-37,7,-21,-43,-91,-36,-9,-63,-25,-73,-48,-292
-13,-19,-1,-25,-67,-34,-38,-27,-51,-52,-40,-35,16,-25,-42,-80,-23,-5,-62,-17,-69,-40,-291
-12,-3,-5,-1,-54,-20,-37,-12,-42,-41,-33,-32,25,-23,-33,-58,-6,3,-60,1,-56,-32,-286
-6,16,-5,22,-35,-2,-30,4,-27,-24,-28,-30,31,-19,-21,-32,6,14,-57,24,-40,-28,-283
0,27,-1,36,-14,12,-23,15,-13,-8,-29,-32,29,-18,-12,-10,11,17,-51,43,-29,-31,-286
6,28,9,40,3,16,-19,24,-4,2,-33,-34,18,-18,-6,2,8,10,-43,53,-26,-37,-291
16,26,22,41,14,16,-16,32,6,9,-32,-34,7,-14,3,10,5,1,-29,55,-23,-38,-295
30,28,36,48,21,22,-8,41,22,20,-20,-26,3,-5,19,22,8,-3,-9,51,-11,-25,-294
43,35,49,61,27,31,8,54,44,36,3,-12,7,9,41,38,20,-2,16,44,12,6,-288
50,44,53,77,31,40,30,64,66,56,33,6,17,24,62,55,31,2,38,37,41,46,-279
51,49,43,88,34,45,51,70,82,73,59,23,28,34,73,67,34,5,50,30,68,84,-270
40,45,18,84,33,40,65,66,86,79,71,32,33,34,67,66,24,4,50,20,86,104,-264
14,26,-17,59,26,18,62,51,73,69,64,28,22,18,43,47,3,-7,38,3,85,101,-266
-15,0,-48,25,19,-14,49,29,49,50,48,19,2,-6,11,19,-20,-22,24,-15,71,82,-272
-31,-17,-63,-1,19,-35,40,13,31,38,38,16,-12,-21,-10,2,-29,-25,17,-23,57,65,-276
-26,-20,-57,-8,28,-38,41,6,25,40,38,21,-13,-23,-15,0,-21,-14,18,-17,49,59,-275
-7,-15,-37,-4,37,-28,45,3,24,50,43,29,-8,-18,-10,9,-2,-1,23,-7,40,59,-270
17,-9,-12,3,40,-16,45,-1,20,62,47,34,-5,-10,-4,20,18,5,23,4,26,60,-262
41,-5,12,9,37,-5,41,-3,13,71,46,34,-5,2,1,28,32,4,18,13,9,56,-253
57,-3,31,12,27,3,31,-4,4,69,41,32,-4,12,2,29,38,0,9,18,-7,41,-243
60,-2,46,11,14,10,24,-3,-4,59,37,33,1,20,1,25,39,-2,1,20,-16,19,-233
54,1,58,11,5,20,24,3,-5,46,39,41,14,31,4,22,40,7,-3,23,-14,-1,-224
42,4,64,13,1,37,30,15,-1,33,47,54,32,39,7,21,41,23,-5,26,-2,-15,-217
27,6,60,17,2,56,37,29,6,20,53,68,49,43,8,20,40,43,-6,26,12,-21,-211
12,8,51,22,8,73,39,44,13,10,55,77,61,42,7,19,39,60,-4,26,24,-21,-206
1,8,41,25,16,81,34,58,17,3,51,76,63,35,3,18,40,71,1,27,30,-16,-199
-9,3,31,24,21,75,19,62,14,-5,38,63,55,21,-7,16,39,68,4,27,26,-14,-194
-19,-5,25,18,19,60,-3,54,7,-14,19,43,39,1,-18,12,37,54,7,25,13,-16,-188
-20,-8,27,14,15,43,-18,42,3,-18,2,27,28,-13,-22,13,37,36,14,26,1,-19,-181
-8,0,37,19,16,32,-22,32,6,-11,-6,20,26,-14,-12,20,40,24,25,32,-3,-15,-171
12,14,45,29,21,26,-17,25,13,2,-8,18,30,-6,6,31,42,14,36,38,-2,-6,-164
28,26,42,36,26,19,-11,19,18,12,-8,14,27,6,22,38,36,0,40,36,-2,0,-160
34,30,28,36,27,5,-8,11,19,14,-7,3,14,14,30,40,24,-17,33,25,-4,-1,-159
28,22,3,26,22,-16,-10,-4,14,8,-9,-16,-12,15,26,33,8,-39,16,4,-12,-12,-160
9,1,-29,6,7,-45,-19,-31,-2,-6,-19,-42,-50,3,8,15,-9,-66,-10,-27,-29,-33,-161
-15,-24,-62,-20,-16,-75,-32,-64,-22,-21,-34,-66,-92,-16,-16,-9,-23,-93,-37,-63,-50,-57,-161
-28,-38,-82,-36,-34,-93,-35,-87,-34,-24,-44,-76,-119,-26,-28,-27,-26,-104,-50,-85,-61,-66,-157
-21,-30,-80,-36,-38,-94,-22,-90,-31,-10,-42,-66,-114,-17,-18,-30,-14,-91,-45,-83,-54,-51,-150
-3,-9,-64,-27,-28,-82,-2,-78,-22,15,-30,-44,-84,7,7,-22,3,-62,-27,-64,-35,-20,-140
16,16,-40,-16,-14,-66,18,-57,-17,41,-13,-21,-43,39,39,-10,18,-30,-8,-38,-15,12,-131
34,40,-15,-3,2,-48,34,-35,-18,63,10,-2,-6,74,72,5,31,-4,3,-13,2,31,-122
50,59,5,7,14,-31,41,-22,-26,76,32,9,14,106,99,16,38,12,2,1,11,31,-110
63,72,13,14,16,-19,35,-25,-42,76,42,8,10,130,115,17,38,14,-13,-2,7,10,-97
77,82,12,18,5,-13,16,-38,-61,68,40,0,-13,144,123,13,36,7,-34,-15,-7,-24,-84
93,96,8,22,-15,-8,-6,-53,-74,58,32,-9,-40,155,131,11,41,0,-52,-27,-24,-55,-72
106,114,4,26,-38,-3,-25,-63,-78,49,21,-14,-57,163,141,16,53,-3,-60,-32,-38,-74,-61
112,132,2,30,-57,2,-39,-63,-75,46,9,-14,-56,170,152,27,71,2,-57,-28,-48,-79,-52
117,150,9,39,-64,11,-47,-47,-64,51,4,-8,-37,181,170,47,94,16,-38,-13,-50,-70,-43
127,170,29,56,-54,27,-43,-16,-43,67,10,2,-4,198,196,73,121,37,-5,15,-40,-48,-32
146,190,59,81,-28,50,-24,24,-12,87,24,16,34,223,226,102,148,59,33,50,-18,-19,-22
171,207,87,108,7,73,2,64,25,106,42,30,69,248,254,128,168,79,68,84,11,9,-12
194,219,105,130,43,90,27,91,60,117,56,40,92,266,273,146,181,90,94,110,38,33,3
203,222,107,138,66,92,41,98,81,117,59,43,95,267,277,151,181,85,106,121,54,45,30
193,214,92,129,72,77,42,83,83,105,50,37,80,253,264,145,164,65,105,112,57,43,70
173,201,65,107,65,47,29,55,68,88,32,22,54,230,240,133,135,38,95,88,53,30,120
152,187,33,82,51,11,10,25,41,73,13,4,25,208,216,122,102,13,83,57,44,15,174
138,174,7,59,34,-23,-6,1,11,65,-3,-14,0,193,197,114,73,-6,72,27,35,5,227
132,164,-9,43,14,-47,-10,-15,-14,65,-10,-30,-15,187,188,111,57,-14,59,4,32,1,268
131,156,-16,36,-3,-58,-5,-25,-30,71,-9,-40,-21,186,185,110,54,-11,45,-11,33,5,287
123,145,-17,29,-17,-61,1,-35,-40,76,-6,-46,-24,178,181,102,59,-4,30,-22,29,11,280
105,126,-17,15,-32,-65,-4,-48,-53,73,-11,-49,-33,158,169,80,58,-4,13,-36,14,14,253
78,99,-17,-6,-48,-74,-19,-65,-70,60,-22,-52,-48,131,145,46,46,-15,-7,-52,-7,9,209
50,72,-17,-27,-60,-87,-36,-79,-86,39,-35,-54,-64,103,117,10,24,-31,-26,-66,-27,-2,150
32,53,-16,-39,-64,-96,-47,-82,-95,19,-42,-51,-74,83,92,-21,3,-46,-36,-71,-40,-12,82
30,46,-13,-36,-59,-94,-49,-73,-94,6,-38,-41,-71,75,78,-36,-7,-55,-39,-64,-43,-14,19
42,49,-8,-22,-50,-81,-42,-57,-83,3,-28,-27,-55,76,75,-36,-5,-54,-39,-49,-39,-13,-30
55,52,-7,-7,-42,-62,-34,-46,-70,5,-20,-15,-35,76,74,-32,2,-46,-41,-34,-34,-13,-66
62,50,-12,0,-36,-42,-29,-41,-59,7,-15,-4,-20,70,71,-28,12,-33,-44,-22,-35,-14,-87
65,51,-14,3,-30,-20,-22,-34,-50,13,-10,11,-5,68,67,-20,24,-17,-42,-12,-33,-14,-94
64,53,-10,5,-24,2,-12,-22,-39,20,-2,27,10,71,65,-7,34,0,-36,-4,-25,-13,-91
55,53,-3,7,-22,19,-5,-8,-32,22,3,36,19,71,59,3,37,12,-29,-1,-14,-18,-87
45,52,5,11,-23,29,-3,7,-27,21,6,40,22,69,54,9,36,16,-17,-1,-4,-26,-84
43,60,20,23,-18,39,-5,28,-19,28,12,46,27,73,60,21,39,18,6,4,7,-29,-81
52,74,38,44,-2,52,-7,51,-4,43,20,56,35,83,77,39,48,20,33,16,18,-24,-78
62,86,49,64,21,61,-7,69,15,58,26,61,40,93,97,56,58,22,56,31,28,-15,-77
69,94,52,77,47,65,2,81,36,69,34,62,40,100,115,73,68,27,73,49,38,-2,-80
74,100,50,84,75,67,21,91,59,78,48,63,41,106,131,93,79,37,87,68,53,17,-91
73,99,40,83,93,65,40,96,79,81,63,59,42,103,137,108,83,43,94,79,69,37,-102
61,83,17,69,95,53,47,86,87,71,68,45,34,83,124,108,72,38,90,72,76,47,-86
41,56,-12,43,83,34,44,65,84,51,63,26,20,50,95,95,50,23,78,50,74,45,5
20,32,-30,21,71,21,40,45,82,36,55,14,8,21,65,78,29,10,69,28,70,40,237
4,18,-35,8,67,18,44,32,84,27,49,10,2,4,40,63,17,5,61,12,71,37,658
-11,10,-30,1,69,20,57,24,88,22,44,7,1,-3,19,49,12,3,49,-1,73,32,1260
-23,5,-20,-6,71,22,74,18,87,16,38,3,1,-6,2,34,12,3,31,-9,72,26,1932
-33,0,-7,-14,68,17,87,8,77,7,30,-5,-1,-8,-13,16,10,2,6,-14,63,20,2486
-40,-12,2,-27,52,1,83,-9,50,-8,18,-17,-11,-15,-29,-10,-1,-5,-24,-22,42,15,2720
-48,-35,0,-48,23,-23,57,-39,8,-33,0,-33,-30,-31,-48,-41,-22,-24,-56,-36,8,5,2513
-59,-65,-9,-74,-13,-48,18,-73,-36,-62,-21,-48,-50,-50,-70,-73,-51,-47,-86,-51,-32,-10,1900
-71,-93,-20,-97,-47,-62,-23,-100,-72,-88,-38,-56,-64,-68,-89,-98,-78,-67,-105,-59,-66,-27,1069
-82,-113,-30,-110,-68,-62,-54,-110,-92,-104,-49,-53,-69,-84,-104,-114,-95,-79,-108,-59,-86,-40,276
-89,-121,-37,-110,-74,-48,-68,-102,-93,-111,-51,-41,-63,-98,-115,-119,-98,-82,-96,-52,-90,-49,-274
-92,-117,-42,-101,-68,-25,-66,-79,-78,-111,-48,-21,-50,-107,-119,-115,-87,-74,-74,-37,-78,-53,-504
-88,-100,-39,-81,-54,3,-49,-41,-49,-105,-38,2,-30,-105,-114,-99,-61,-53,-43,-15,-53,-51,-478
-73,-74,-25,-53,-33,30,-22,6,-13,-93,-21,25,-5,-90,-96,-71,-25,-22,-5,13,-17,-37,-335
-48,-43,-4,-21,-6,54,8,51,25,-72,1,42,23,-66,-69,-35,12,12,31,41,19,-16,-206
-23,-14,18,6,21,73,31,85,56,-47,21,53,48,-36,-40,2,39,39,55,63,46,7,-144
-4,5,31,24,43,82,40,102,73,-25,33,55,62,-14,-18,30,48,55,63,71,57,25,-138
4,14,34,30,57,79,38,100,72,-11,37,52,62,-8,-9,44,40,57,54,65,53,32,-150
1,14,29,30,61,67,26,82,58,-4,32,45,47,-16,-10,44,21,47,37,49,38,30,-161
-8,7,19,29,56,49,8,56,36,-2,22,37,20,-27,-16,36,1,32,21,28,20,22,-168
-18,-1,9,28,45,30,-9,30,12,0,11,31,-9,-34,-20,27,-15,20,11,8,8,14,-172
-23,-7,5,31,36,14,-21,13,-5,8,4,26,-32,-37,-20,22,-20,15,12,-6,7,10,-175
-20,-8,9,38,36,4,-23,9,-12,25,7,25,-41,-33,-13,24,-16,19,25,-9,16,14,-171
-14,-10,16,44,40,0,-20,10,-10,43,15,24,-39,-28,-7,28,-10,26,36,-6,26,24,-158
-16,-21,15,39,40,-6,-17,8,-6,51,17,18,-34,-32,-11,26,-15,24,31,-7,29,29,-136
-27,-41,3,21,33,-17,-15,-1,-4,42,10,3,-31,-49,-26,14,-31,10,9,-14,22,22,-109
-44,-64,-14,-5,21,-30,-12,-12,-5,23,-4,-14,-28,-73,-47,-6,-53,-13,-22,-22,5,7,-84
-63,-85,-32,-30,9,-39,-7,-24,-8,-1,-18,-30,-27,-96,-70,-32,-75,-40,-53,-30,-16,-11,-64
-87,-105,-49,-54,-4,-49,-4,-37,-14,-28,-35,-45,-33,-118,-97,-67,-96,-65,-83,-40,-39,-31,-46
-111,-122,-62,-75,-16,-59,-5,-50,-26,-56,-49,-54,-45,-136,-125,-102,-110,-79,-107,-51,-61,-50,-23
-126,-129,-63,-84,-21,-63,-6,-51,-37,-76,-53,-53,-50,-143,-143,-122,-107,-75,-118,-51,-75,-56,7
-120,-120,-49,-76,-15,-53,0,-36,-37,-79,-43,-38,-41,-132,-142,-119,-86,-52,-111,-36,-76,-43,40
-95,-102,-26,-54,-1,-29,14,-13,-27,-67,-26,-15,-19,-108,-126,-94,-53,-20,-94,-11,-66,-19,70
-59,-78,1,-24,16,2,31,13,-13,-43,-10,11,10,-76,-99,-58,-17,11,-70,17,-48,6,97
-19,-48,28,9,39,37,47,44,5,-11,6,40,43,-42,-64,-17,18,38,-35,45,-24,27,124
14,-15,55,41,64,72,63,78,29,23,21,69,74,-9,-27,20,47,60,8,73,5,43,149
32,13,80,64,86,98,73,105,53,49,33,92,94,14,2,45,64,73,48,94,35,51,173
29,31,99,74,100,110,73,121,73,58,38,102,99,24,17,55,68,77,78,104,60,52,198
17,41,112,76,110,110,69,129,89,55,43,103,98,25,24,61,64,77,100,111,80,54,229
11,48,118,79,118,108,69,135,106,51,52,99,102,25,29,69,59,77,117,123,97,60,270
16,52,111,84,125,108,74,137,124,52,63,91,108,24,32,78,54,77,128,133,112,68,318
26,49,91,89,128,105,80,132,139,57,71,80,111,20,30,83,50,75,131,135,120,73,368
36,42,67,92,129,99,83,124,149,65,77,71,107,13,26,89,54,73,132,128,122,75,418
45,36,50,93,128,92,87,116,154,78,82,67,98,7,23,94,64,72,133,116,120,77,467
47,30,45,87,121,82,90,105,151,86,83,66,84,1,20,92,76,71,129,99,113,80,519
37,20,49,71,106,65,90,89,136,81,77,61,66,-8,13,78,79,65,113,74,100,81,575
17,6,57,46,84,40,89,71,108,62,62,47,47,-20,2,55,66,51,85,47,81,79,635
-6,-7,61,18,64,9,88,55,73,35,43,24,30,-32,-10,29,36,32,51,24,58,71,697
-28,-21,54,-9,48,-21,86,41,40,6,19,-5,15,-40,-22,1,-5,12,13,5,34,59,760
-47,-37,35,-35,35,-47,80,25,12,-22,-8,-32,1,-47,-34,-29,-47,-6,-25,-12,9,42,821
-64,-54,11,-59,25,-66,68,5,-8,-46,-32,-48,-13,-55,-48,-58,-79,-19,-58,-24,-17,23,877
-74,-71,-11,-77,18,-73,55,-19,-21,-62,-48,-50,-22,-61,-62,-81,-96,-24,-81,-28,-39,6,927
-75,-82,-28,-86,9,-67,42,-41,-27,-68,-53,-40,-25,-62,-74,-97,-96,-20,-92,-25,-55,-6,970
-72,-87,-41,-85,-1,-51,29,-58,-31,-63,-48,-22,-20,-61,-85,-101,-81,-9,-92,-21,-61,-13,1010
-65,-84,-46,-73,-8,-31,20,-62,-29,-49,-32,-3,-8,-58,-90,-90,-54,7,-77,-12,-57,-13,1047
-56,-73,-37,-50,-7,-9,18,-50,-20,-25,-9,14,6,-49,-86,-65,-22,24,-49,2,-44,-5,1077
-45,-58,-20,-21,0,12,21,-28,-5,-1,12,25,19,-40,-75,-36,9,41,-16,19,-28,4,1095
-37,-44,-2,4,4,26,23,-8,12,16,25,28,27,-32,-63,-13,31,52,11,32,-14,8,1095
-30,-29,16,22,8,35,25,9,31,22,29,29,35,-21,-49,3,43,58,29,44,-1,9,1073
-16,-10,35,36,13,45,31,25,50,22,31,33,46,-4,-29,16,49,62,42,58,15,12,1028
4,12,53,47,22,55,40,42,67,20,34,42,59,17,-4,28,52,65,53,72,36,19,964
24,31,64,51,32,62,45,56,76,19,36,52,72,35,20,38,50,65,63,79,56,25,882
35,39,66,48,40,62,44,62,76,17,38,59,76,42,35,41,43,61,70,77,70,26,781
35,38,62,40,46,54,37,61,70,17,37,63,71,34,39,37,36,54,74,69,75,22,664
29,33,55,36,52,43,30,55,61,21,39,61,59,16,34,31,32,47,76,58,75,18,533
23,31,47,39,58,35,27,45,54,30,45,54,48,-3,26,29,34,42,77,48,71,14,393
16,30,38,47,59,29,25,31,49,40,54,42,37,-15,16,33,40,37,76,39,65,14,248
8,29,29,54,54,23,21,15,41,47,62,26,28,-17,6,40,47,28,71,31,56,17,107
3,27,24,57,46,18,17,4,32,50,68,10,24,-8,0,49,52,15,67,25,47,26,-21
-1,22,23,57,35,14,16,0,24,49,71,-3,23,6,-2,56,53,3,61,19,38,36,-133
-7,10,21,48,20,9,12,-2,15,42,66,-14,20,17,-7,55,44,-6,49,8,25,42,-230
-16,-7,14,33,2,2,7,-6,3,28,52,-22,14,16,-17,44,26,-11,31,-4,9,40,-315
-20,-19,7,20,-11,-3,6,-7,-5,14,35,-23,11,6,-26,27,8,-9,15,-12,-2,35,-390
-18,-23,4,12,-17,-1,10,-6,-8,3,22,-14,15,-6,-31,8,-6,1,5,-12,-5,30,-453
-9,-21,8,9,-14,8,16,-4,-7,-2,11,1,23,-14,-32,-13,-13,15,-3,-6,-1,27,-506
7,-12,22,13,-2,23,22,-1,-3,-1,5,21,37,-13,-28,-31,-10,29,-3,8,9,27,-546
32,4,44,23,18,42,29,9,6,7,7,43,55,-1,-15,-39,4,42,7,29,27,32,-570
60,22,67,35,38,62,34,24,20,22,15,61,71,18,3,-36,23,56,24,49,49,40,-578
79,32,78,44,49,74,31,34,29,32,21,68,76,32,16,-28,38,66,39,59,65,43,-576
78,27,66,42,43,71,15,32,28,29,20,61,67,33,15,-22,42,70,46,56,65,35,-573
57,11,39,31,22,54,-6,25,18,11,9,42,50,19,1,-18,35,67,49,47,49,18,-573
25,-7,8,17,-3,32,-21,20,7,-13,-6,23,34,3,-15,-13,23,60,51,36,27,4,-574
-3,-17,-14,8,-18,17,-20,27,4,-33,-20,12,30,-7,-24,0,16,58,55,32,14,2,-572
-18,-16,-20,5,-18,16,-3,45,14,-41,-28,14,40,-7,-23,23,17,62,65,39,15,15,-564
-21,-9,-12,5,-5,24,22,67,35,-38,-31,24,58,-3,-14,49,24,69,76,53,27,35,-550
-20,-6,1,0,10,34,43,83,58,-32,-35,32,72,-1,-8,66,26,71,79,63,43,52,-534
-23,-12,8,-9,19,38,52,83,73,-32,-40,32,71,-8,-11,65,17,65,70,62,54,59,-520
-32,-24,10,-18,25,36,50,73,79,-35,-43,27,55,-21,-20,50,2,53,56,51,58,53,-509
-38,-30,15,-18,34,33,47,63,77,-33,-37,20,34,-32,-26,33,-7,39,49,41,58,42,-497
-36,-29,24,-5,45,31,46,59,69,-25,-21,13,15,-35,-25,22,-10,25,49,32,61,30,-481
-26,-25,31,13,53,27,44,52,52,-17,2,3,-4,-35,-22,17,-11,11,48,18,59,20,-462
-15,-24,31,28,51,20,35,36,30,-10,24,-10,-25,-36,-23,13,-10,-5,38,-4,46,6,-446
-5,-25,26,35,40,10,19,15,6,-5,40,-24,-44,-40,-27,9,-9,-20,21,-26,22,-9,-433
3,-25,21,35,23,2,3,-5,-13,-2,49,-38,-57,-41,-31,6,-9,-33,-1,-44,-7,-21,-422
9,-23,17,27,6,-1,-6,-24,-26,1,51,-48,-64,-41,-34,3,-10,-43,-24,-58,-33,-31,-412
11,-20,14,12,-5,-1,-9,-39,-30,6,46,-49,-63,-42,-35,-2,-12,-49,-40,-66,-51,-41,-404
8,-19,16,-7,-8,1,-7,-48,-28,12,38,-44,-57,-44,-36,-8,-12,-51,-44,-68,-57,-48,-392
-1,-24,16,-25,-9,1,-7,-51,-27,14,30,-34,-47,-47,-39,-16,-14,-50,-39,-66,-54,-54,-375
-18,-34,9,-41,-13,-3,-16,-53,-31,9,23,-24,-38,-51,-46,-29,-19,-45,-33,-67,-50,-59,-360
-42,-47,-3,-52,-20,-12,-34,-54,-38,-1,16,-17,-34,-55,-57,-44,-24,-38,-28,-70,-49,-65,-350
-62,-55,-11,-50,-24,-18,-52,-47,-43,-9,13,-12,-28,-51,-62,-53,-23,-27,-19,-66,-51,-64,-343
-65,-47,-9,-31,-18,-13,-58,-27,-39,-5,21,-1,-11,-31,-50,-45,-10,-8,-1,-45,-44,-50,-334
-48,-24,8,2,-3,4,-44,2,-20,13,40,18,18,5,-21,-21,14,20,23,-7,-23,-26,-320
-18,3,32,35,16,28,-22,29,6,36,60,38,50,39,12,5,41,49,46,37,4,1,-302
9,21,49,57,29,46,-5,43,27,51,70,47,69,56,32,23,60,68,60,72,25,17,-283
25,25,51,61,32,55,0,44,39,54,71,44,71,51,34,28,69,71,62,89,34,20,-264
27,17,35,49,28,56,-6,37,38,46,63,32,57,28,19,23,66,61,56,87,33,10,-246
14,-2,7,26,20,52,-20,25,28,28,47,14,32,-6,-8,10,54,42,44,65,20,-7,-233
-4,-22,-20,2,15,48,-32,15,14,7,31,-2,6,-37,-35,0,39,22,33,35,4,-23,-221
-16,-31,-29,-7,17,51,-31,18,8,-4,24,-4,-7,-48,-48,4,29,11,31,15,-2,-23,-209
-14,-26,-18,2,22,63,-15,31,13,-1,31,8,-1,-36,-42,22,29,16,38,12,10,-3,-196
-6,-14,5,20,26,75,9,49,24,7,45,24,13,-10,-28,42,32,30,46,20,29,27,-184
-1,-3,26,36,29,77,30,62,35,12,56,36,27,11,-14,58,33,43,47,28,46,56,-175
-2,3,37,43,31,67,45,66,42,10,61,38,33,17,-6,63,26,47,38,33,54,74,-169
-10,0,35,38,32,50,51,59,41,2,58,34,30,8,-6,55,9,43,17,29,52,76,-165
-20,-9,28,25,35,30,50,41,34,-11,48,27,21,-10,-11,37,-14,33,-9,16,42,62,-163
-26,-20,24,10,41,14,46,17,23,-23,35,19,12,-27,-18,16,-36,21,-31,-4,29,41,-162
-29,-32,28,-6,44,4,36,-10,10,-31,21,11,2,-39,-26,-4,-53,8,-43,-25,18,18,-161
-31,-46,33,-25,36,-5,18,-36,-5,-40,5,-1,-13,-48,-39,-26,-65,-9,-47,-46,5,-5,-162
-39,-63,29,-50,19,-17,-6,-61,-22,-52,-13,-17,-31,-57,-59,-47,-75,-28,-46,-65,-12,-28,-164
-53,-82,11,-76,-3,-31,-31,-79,-40,-64,-30,-36,-49,-69,-82,-62,-81,-45,-44,-79,-30,-48,-167
-73,-99,-19,-98,-24,-47,-51,-88,-55,-77,-45,-55,-61,-86,-101,-72,-84,-55,-44,-85,-50,-63,-169
-94,-111,-50,-111,-45,-63,-63,-92,-69,-90,-58,-72,-67,-105,-115,-82,-86,-58,-50,-83,-68,-76,-171
-109,-115,-70,-112,-61,-73,-65,-94,-82,-101,-65,-84,-66,-118,-120,-87,-86,-54,-58,-72,-82,-81,-174
-115,-109,-73,-103,-67,-74,-60,-90,-89,-104,-65,-84,-56,-119,-113,-86,-81,-45,-61,-54,-87,-77,-178
-109,-94,-60,-88,-61,-68,-52,-80,-87,-102,-59,-72,-42,-107,-98,-80,-71,-35,-54,-32,-82,-63,-185
-94,-71,-40,-71,-47,-56,-46,-63,-77,-96,-49,-51,-29,-86,-78,-68,-57,-25,-40,-10,-67,-45,-191
-71,-45,-19,-52,-29,-36,-42,-42,-61,-85,-38,-27,-17,-58,-57,-49,-43,-15,-23,11,-47,-27,-194
-46,-23,-5,-35,-9,-13,-40,-18,-41,-71,-29,-7,-7,-29,-35,-22,-31,-4,-6,27,-26,-11,-195
-25,-10,-1,-20,10,6,-37,2,-23,-59,-25,3,2,-6,-17,4,-25,5,6,36,-8,-1,-193
-13,-7,-4,-12,24,16,-35,14,-14,-56,-31,-1,6,5,-6,22,-26,8,9,37,1,2,-187
-16,-17,-14,-15,29,12,-35,15,-14,-64,-44,-17,2,4,-5,28,-36,1,3,31,-3,-3,-181
-30,-34,-29,-27,27,-2,-34,9,-16,-77,-60,-37,-6,-6,-13,23,-50,-14,-8,22,-13,-11,-180
-45,-47,-43,-39,26,-17,-25,3,-12,-84,-69,-50,-10,-16,-19,15,-59,-29,-14,14,-22,-16,-182
-51,-49,-49,-39,30,-24,-7,2,0,-80,-66,-54,-5,-19,-19,12,-55,-38,-11,11,-24,-16,-184
-44,-40,-44,-28,35,-21,14,6,18,-64,-51,-52,4,-18,-13,14,-43,-38,-4,11,-21,-11,-183
-28,-26,-33,-11,38,-10,32,12,36,-42,-32,-48,12,-14,-6,18,-27,-30,4,11,-15,-3,-179
-12,-14,-20,4,40,3,40,12,49,-22,-17,-45,14,-14,-2,21,-14,-19,6,3,-11,1,-173
-4,-10,-13,7,36,8,33,5,47,-13,-13,-44,6,-23,-9,12,-9,-10,-2,-13,-14,-2,-168
-9,-19,-12,-6,20,2,12,-9,27,-19,-22,-47,-12,-42,-26,-13,-17,-9,-21,-37,-27,-12,-167
-24,-37,-20,-29,-7,-13,-17,-30,-8,-36,-41,-51,-38,-65,-50,-51,-35,-16,-45,-65,-47,-27,-172
-43,-56,-32,-55,-38,-31,-44,-55,-48,-54,-60,-51,-62,-84,-73,-91,-55,-29,-67,-91,-66,-42,-181
-57,-71,-36,-73,-64,-46,-59,-76,-83,-66,-69,-45,-75,-91,-87,-120,-69,-40,-83,-107,-78,-52,-189
-63,-77,-28,-81,-80,-56,-61,-87,-105,-70,-65,-34,-77,-84,-89,-130,-74,-43,-89,-109,-81,-53,-192
-63,-77,-16,-81,-87,-59,-56,-92,-112,-69,-51,-23,-72,-69,-83,-121,-71,-38,-89,-102,-76,-50,-192
-58,-75,-8,-81,-86,-57,-49,-92,-105,-66,-35,-16,-63,-54,-75,-99,-66,-27,-85,-91,-66,-49,-193
-50,-70,-2,-80,-78,-49,-44,-86,-89,-62,-22,-11,-50,-43,-64,-73,-58,-14,-79,-78,-55,-49,-195
-40,-65,1,-78,-69,-37,-43,-76,-74,-59,-18,-9,-35,-38,-56,-49,-52,-3,-70,-65,-49,-49,-197
-35,-64,-4,-77,-65,-25,-46,-66,-67,-59,-26,-14,-25,-43,-54,-34,-51,1,-63,-55,-48,-52,-198
-38,-64,-13,-76,-60,-16,-48,-59,-66,-60,-39,-23,-17,-53,-59,-26,-52,0,-58,-48,-48,-57,-197
-46,-61,-20,-71,-49,-7,-45,-50,-65,-55,-49,-29,-8,-61,-62,-17,-48,-3,-50,-38,-44,-56,-191
-54,-52,-23,-58,-35,-1,-35,-35,-58,-44,-48,-33,3,-62,-59,-3,-37,-4,-36,-26,-35,-48,-184
-57,-42,-24,-42,-20,3,-24,-15,-44,-32,-38,-36,10,-56,-51,8,-25,-5,-21,-14,-25,-39,-178
-54,-31,-23,-23,-7,5,-13,3,-28,-22,-22,-39,12,-46,-37,14,-18,-5,-6,-6,-16,-31,-175
-41,-21,-19,-5,5,7,-7,16,-12,-11,-5,-39,10,-32,-20,15,-15,-6,5,-1,-10,-24,-176
-26,-16,-15,7,8,5,-8,21,-4,-4,3,-41,3,-22,-6,7,-16,-10,7,2,-10,-19,-177
-16,-17,-18,8,3,-1,-13,13,-4,-3,-3,-47,-9,-18,0,-6,-26,-18,-2,2,-14,-20,-178
-13,-20,-28,2,-6,-7,-17,-2,-7,-4,-19,-52,-19,-18,2,-15,-38,-25,-15,0,-17,-23,-178
-15,-17,-40,-5,-11,-10,-14,-16,-4,-2,-36,-51,-23,-17,5,-13,-43,-27,-24,-2,-12,-20,-178
-17,-10,-52,-11,-14,-11,-6,-23,3,1,-48,-45,-25,-16,9,-6,-41,-29,-26,-4,-5,-8,-177
-17,-4,-63,-17,-18,-15,-1,-26,9,0,-55,-41,-29,-17,9,0,-40,-35,-22,-9,-2,6,-177
-18,-3,-70,-25,-24,-22,-3,-31,8,-8,-58,-39,-38,-22,5,0,-43,-43,-18,-18,-9,15,-178
-21,-8,-68,-36,-33,-35,-13,-40,-1,-20,-58,-41,-50,-31,-3,-8,-48,-51,-15,-29,-23,13,-178
-28,-19,-61,-50,-47,-52,-29,-56,-16,-35,-57,-52,-66,-44,-16,-22,-53,-58,-18,-40,-43,1,-175
-35,-33,-52,-64,-62,-71,-47,-78,-35,-50,-59,-68,-81,-55,-31,-39,-59,-61,-27,-52,-61,-18,-167
-37,-42,-43,-69,-72,-83,-59,-94,-50,-55,-59,-76,-86,-56,-40,-50,-60,-55,-36,-62,-69,-36,-158
-29,-41,-32,-60,-72,-83,-59,-95,-56,-47,-53,-72,-79,-44,-38,-52,-50,-41,-40,-64,-62,-43,-150
-12,-29,-17,-43,-60,-73,-49,-79,-53,-31,-39,-57,-63,-21,-27,-42,-32,-23,-37,-55,-46,-35,-146
15,-7,1,-20,-35,-52,-31,-46,-42,-10,-20,-32,-39,8,-9,-23,-10,-4,-25,-32,-26,-13,-148
43,20,27,6,-1,-20,-8,-2,-24,16,4,0,-10,38,16,4,13,17,-4,0,-6,15,-155
65,47,56,31,33,19,17,44,1,40,29,32,19,63,42,31,34,40,22,33,10,41,-163
72,59,76,47,55,55,33,78,24,53,47,55,38,71,58,51,46,55,43,55,17,57,-169
60,52,77,49,59,79,36,92,38,50,51,66,49,57,55,55,44,57,54,62,17,59,-172
33,31,61,45,48,90,28,93,44,38,43,69,55,30,38,49,32,50,57,57,16,51,-170
4,8,38,41,33,87,16,89,47,25,32,68,63,3,16,39,19,40,58,51,20,44,-163
-19,-8,17,38,20,77,6,87,52,16,22,65,73,-14,-3,32,10,33,63,47,32,42,-153
-28,-12,6,34,15,64,1,88,61,13,15,60,82,-19,-14,29,7,30,70,46,49,46,-142
-22,-2,8,33,21,54,5,91,74,18,13,56,86,-12,-13,30,10,31,79,50,65,55,-129
-5,14,16,34,32,49,12,91,86,28,15,52,82,0,-4,31,14,34,86,54,74,64,-118
12,22,19,29,37,42,15,79,86,32,14,43,65,5,2,25,14,28,83,49,70,62,-115
18,18,13,18,31,31,11,56,72,25,8,29,40,-1,-1,13,7,12,67,37,54,48,-119
20,11,9,16,26,24,10,36,56,19,8,19,18,-5,-1,8,2,-6,48,27,40,34,-126
26,11,15,29,27,26,16,29,48,25,21,21,9,3,8,16,7,-11,37,25,39,30,-131
34,17,26,48,31,33,24,31,46,39,41,28,6,18,23,30,20,-6,34,24,48,33,-136
40,23,34,62,30,35,28,34,45,53,60,35,3,31,34,40,33,2,33,19,59,36,-137
37,26,34,63,25,30,27,33,41,59,73,36,-4,35,37,42,42,5,32,11,65,37,-133
21,17,20,47,10,13,16,24,28,51,72,28,-16,26,26,30,38,-2,25,0,59,30,-127
-12,-7,-9,12,-18,-15,-8,3,0,26,55,7,-33,5,1,4,20,-19,7,-19,34,11,-123
-47,-34,-37,-25,-47,-41,-34,-19,-30,-5,30,-16,-45,-18,-27,-22,-3,-41,-13,-39,2,-14,-117
-63,-48,-47,-47,-59,-51,-46,-26,-46,-21,16,-26,-39,-27,-40,-35,-16,-53,-23,-46,-22,-30,-104
-56,-47,-38,-49,-50,-42,-42,-15,-43,-17,16,-20,-16,-21,-37,-32,-15,-51,-16,-39,-27,-30,-86
-34,-38,-17,-39,-29,-25,-31,1,-27,-1,22,-3,10,-10,-26,-24,-6,-39,-1,-26,-20,-21,-67
-11,-27,3,-28,-8,-13,-20,14,-7,15,31,18,28,-3,-16,-16,5,-25,16,-14,-7,-10,-50
7,-15,21,-18,9,-6,-11,23,10,29,41,37,35,0,-10,-9,17,-12,30,-2,8,1,-36
16,-6,31,-9,18,0,-3,29,21,38,49,50,35,2,-6,-1,25,0,37,6,20,8,-27
19,3,33,2,23,8,3,31,24,40,52,56,28,3,-3,9,27,10,37,7,24,9,-22
19,10,28,15,23,16,7,28,20,37,50,52,14,4,-1,18,22,14,31,2,20,4,-18
18,16,22,26,22,22,6,22,10,29,44,41,0,5,0,25,12,11,21,-5,12,-4,-7
14,16,17,31,18,24,1,13,-1,17,33,26,-13,4,1,27,-2,2,10,-10,6,-14,17
5,9,8,26,9,20,-10,-1,-9,1,21,10,-27,0,-1,22,-18,-10,-2,-14,2,-24,57
-8,-2,-4,12,-3,10,-22,-18,-11,-12,12,0,-39,-6,-3,14,-30,-19,-9,-14,2,-33,108
-20,-11,-15,-1,-12,4,-29,-28,-7,-15,11,-2,-42,-8,-3,12,-30,-18,-8,-6,4,-36,162
-24,-14,-22,-6,-12,8,-23,-26,2,-3,20,4,-31,-3,2,19,-19,-6,5,12,8,-31,206
-17,-10,-27,-2,-4,18,-7,-14,15,17,32,14,-11,6,9,30,0,12,24,29,12,-23,230
-6,-4,-26,5,6,26,12,0,28,37,39,21,7,13,13,39,15,26,40,38,15,-13,228
6,1,-19,9,14,23,25,8,39,47,35,20,16,16,12,40,23,29,45,35,15,-2,206
12,1,-9,8,16,9,27,9,44,46,23,11,16,17,5,31,20,23,38,23,16,6,172
14,-2,-3,1,16,-10,21,5,48,38,9,-1,9,16,-3,16,10,11,26,7,19,11,133
8,-8,-5,-10,15,-28,9,-2,51,26,-2,-12,-4,12,-10,0,-3,-3,13,-8,21,13,89
-8,-21,-19,-23,11,-46,-6,-15,44,10,-10,-24,-19,2,-20,-17,-19,-18,-3,-19,17,9,37
-33,-40,-40,-40,0,-62,-23,-30,21,-9,-20,-38,-37,-15,-33,-38,-41,-37,-25,-27,1,-6,-21
-58,-59,-60,-55,-16,-75,-36,-44,-11,-28,-30,-51,-55,-34,-45,-59,-61,-57,-51,-32,-19,-27,-78
-70,-68,-70,-65,-29,-80,-40,-55,-40,-43,-38,-60,-71,-48,-49,-71,-73,-71,-74,-38,-35,-43,-124
-67,-65,-68,-69,-39,-78,-38,-65,-63,-52,-46,-67,-85,-54,-46,-74,-78,-77,-92,-44,-46,-53,-149
-54,-53,-58,-70,-46,-70,-34,-75,-79,-57,-54,-72,-96,-52,-39,-69,-78,-76,-106,-50,-52,-57,-151
-36,-37,-47,-69,-49,-59,-35,-82,-86,-57,-60,-75,-104,-44,-32,-59,-72,-68,-110,-52,-54,-62,-139
-17,-23,-36,-67,-47,-47,-40,-84,-86,-53,-63,-76,-106,-32,-27,-46,-61,-55,-104,-52,-53,-68,-124
-5,-14,-30,-63,-48,-36,-50,-81,-83,-46,-62,-72,-100,-20,-25,-33,-47,-42,-90,-49,-53,-76,-115
-6,-12,-30,-56,-53,-30,-65,-76,-81,-39,-57,-66,-91,-14,-25,-23,-34,-33,-75,-45,-54,-86,-116
-15,-16,-37,-48,-60,-30,-79,-69,-78,-33,-47,-60,-80,-14,-25,-17,-20,-28,-59,-40,-56,-92,-124
-23,-19,-47,-37,-63,-31,-82,-59,-74,-27,-31,-53,-67,-17,-23,-11,-6,-24,-41,-33,-52,-87,-136
-24,-17,-54,-24,-60,-30,-71,-48,-65,-20,-12,-43,-52,-19,-18,-4,5,-19,-22,-22,-42,-69,-149
-18,-11,-53,-13,-49,-26,-48,-37,-51,-12,4,-32,-38,-16,-10,0,12,-16,-7,-7,-29,-44,-164
-7,-3,-43,-6,-31,-21,-20,-25,-36,-3,13,-22,-24,-7,-2,3,15,-14,2,10,-16,-20,-174
6,7,-24,-1,-8,-15,9,-11,-20,8,17,-12,-8,7,7,7,16,-12,9,26,-2,0,-155
18,15,-3,1,18,-7,32,3,-6,18,19,1,6,22,16,13,14,-8,16,33,11,13,-56
19,15,11,-2,38,-1,42,9,4,23,16,9,10,28,19,15,5,-4,19,26,17,18,192
7,3,9,-12,47,-2,38,5,5,15,8,8,3,18,10,8,-12,-6,15,6,13,13,639
-9,-15,-2,-23,50,-8,30,-7,0,1,-2,0,-10,-1,-6,-5,-31,-11,8,-17,3,4,1266
-21,-30,-14,-29,46,-16,25,-20,-5,-14,-13,-11,-22,-23,-25,-20,-47,-20,3,-31,-11,-4,1962
-30,-44,-28,-35,32,-26,23,-35,-12,-28,-25,-27,-31,-46,-46,-40,-60,-32,-5,-37,-29,-13,2534
-41,-56,-44,-45,7,-43,18,-51,-24,-43,-42,-49,-40,-70,-66,-62,-72,-49,-20,-38,-50,-24,2782
-56,-68,-61,-59,-26,-64,7,-66,-39,-56,-62,-74,-51,-92,-83,-81,-81,-65,-41,-37,-70,-37,2597
-72,-77,-77,-76,-58,-83,-13,-77,-53,-67,-81,-93,-61,-107,-94,-95,-91,-76,-65,-38,-85,-45,2026
-83,-82,-85,-90,-80,-93,-36,-82,-59,-76,-91,-100,-70,-113,-98,-101,-101,-78,-86,-42,-91,-47,1258
-83,-79,-79,-91,-84,-87,-51,-76,-56,-78,-89,-89,-72,-108,-93,-95,-106,-70,-97,-43,-84,-39,534
-66,-64,-56,-74,-66,-64,-48,-54,-38,-69,-69,-62,-60,-90,-78,-75,-99,-52,-89,-36,-63,-22,36
-38,-43,-28,-44,-36,-32,-30,-26,-11,-53,-39,-27,-37,-65,-59,-52,-82,-32,-63,-22,-36,-1,-181
-16,-29,-11,-20,-14,-5,-14,-4,9,-41,-11,-1,-15,-48,-49,-39,-66,-20,-35,-14,-18,11,-193
-11,-30,-13,-12,-12,3,-12,1,11,-40,0,6,-6,-46,-53,-39,-59,-22,-18,-19,-16,7,-130
-24,-42,-31,-21,-28,-8,-28,-10,-3,-48,-7,-7,-8,-57,-65,-51,-60,-36,-18,-31,-30,-10,-89
-44,-56,-51,-37,-53,-29,-53,-28,-23,-58,-27,-29,-17,-71,-76,-68,-63,-49,-31,-42,-54,-28,-101
-58,-63,-61,-51,-73,-49,-74,-41,-42,-66,-48,-50,-27,-81,-80,-79,-60,-55,-51,-47,-78,-42,-144
-56,-55,-52,-52,-80,-59,-80,-42,-54,-67,-61,-63,-33,-80,-71,-76,-48,-51,-68,-41,-93,-46,-182
-35,-31,-24,-36,-68,-51,-64,-27,-50,-53,-57,-60,-27,-61,-45,-56,-24,-34,-70,-21,-91,-38,-196
-5,2,10,-8,-43,-27,-34,-4,-33,-28,-39,-46,-14,-28,-10,-30,2,-11,-57,5,-74,-25,-192
15,24,30,15,-21,-4,-9,12,-16,-3,-20,-32,-5,1,17,-9,16,5,-42,22,-56,-18,-190
16,27,27,23,-13,9,2,12,-12,10,-6,-26,-6,18,27,1,13,6,-33,19,-42,-23,-197
6,19,9,21,-18,13,5,-2,-16,15,3,-26,-12,24,25,5,1,-4,-30,4,-30,-33,-207
-2,12,-14,17,-27,13,6,-17,-21,20,12,-25,-17,26,19,10,-6,-12,-23,-10,-17,-38,-209
-2,10,-33,12,-33,13,12,-26,-21,27,22,-20,-20,27,17,19,-3,-12,-10,-18,-2,-35,-201
6,14,-43,6,-35,11,18,-27,-17,33,28,-14,-20,26,17,30,9,-6,5,-22,12,-25,-185
18,20,-46,0,-33,6,21,-23,-10,35,28,-7,-19,23,19,39,20,2,17,-21,24,-15,-166
25,21,-45,-7,-27,-3,17,-19,-2,31,16,-5,-19,16,20,41,21,10,21,-17,29,-9,-145
17,11,-49,-20,-25,-23,4,-24,-3,14,-11,-12,-29,1,11,30,6,10,7,-19,21,-13,-125
-7,-13,-61,-40,-35,-56,-16,-40,-21,-18,-52,-33,-50,-23,-11,4,-26,-6,-26,-34,0,-29,-106
-35,-42,-74,-63,-52,-94,-34,-64,-48,-54,-92,-62,-75,-48,-37,-29,-62,-31,-67,-53,-25,-48,-86
-53,-62,-79,-79,-65,-119,-41,-84,-67,-78,-116,-82,-91,-59,-56,-55,-86,-50,-96,-64,-42,-60,-63
-55,-69,-74,-83,-69,-126,-36,-92,-73,-83,-117,-87,-89,-58,-62,-69,-91,-58,-106,-63,-45,-59,-38
-49,-63,-62,-78,-66,-115,-23,-87,-65,-72,-100,-77,-70,-52,-59,-72,-80,-57,-99,-52,-37,-47,-10
-37,-50,-45,-64,-55,-91,-8,-70,-45,-52,-67,-55,-36,-46,-49,-66,-57,-45,-79,-32,-21,-25,21
-24,-32,-21,-43,-38,-56,9,-44,-16,-29,-27,-23,4,-39,-34,-50,-30,-24,-52,-10,-4,4,56
-17,-16,1,-22,-21,-20,25,-15,13,-9,9,8,37,-34,-22,-30,-8,0,-23,6,9,32,93
-18,-5,14,-7,-8,8,37,12,35,1,32,31,54,-31,-15,-15,6,22,1,11,14,50,130
-22,-2,20,0,1,20,45,36,49,4,43,43,56,-30,-13,-7,14,38,18,13,10,55,167
-26,-4,22,1,5,18,46,55,53,3,43,50,48,-32,-16,-7,18,49,26,15,3,50,203
-26,-7,20,0,6,7,43,68,50,1,33,53,35,-34,-19,-9,19,54,25,20,-4,36,240
-22,-6,16,2,8,-8,39,77,44,-3,20,54,23,-36,-20,-9,20,53,20,29,-7,20,278
-14,1,15,6,10,-21,38,83,36,-8,8,53,17,-33,-14,-5,19,50,16,40,-6,11,319
-7,10,15,9,12,-29,37,85,25,-17,-1,47,14,-24,-5,2,12,42,13,46,-3,10,365
-5,15,11,4,10,-32,33,77,11,-30,-12,33,7,-13,1,7,-7,28,7,40,-1,9,417
-12,11,1,-11,3,-35,24,61,-6,-49,-23,10,-6,-10,0,3,-35,10,-2,23,-6,3,472
-24,-1,-12,-30,-6,-38,13,42,-22,-65,-30,-16,-22,-15,-8,-8,-63,-9,-13,3,-16,-8,527
-33,-13,-18,-37,-10,-35,7,30,-29,-68,-28,-33,-30,-23,-15,-18,-79,-21,-20,-9,-22,-19,582
-29,-14,-12,-26,-2,-18,12,28,-20,-51,-12,-33,-27,-25,-13,-15,-73,-21,-14,-8,-20,-22,640
-11,0,4,2,19,13,31,34,6,-18,16,-16,-12,-15,1,4,-46,-8,4,5,-6,-17,704
16,24,25,37,47,46,56,43,38,22,48,11,8,6,22,30,-8,13,28,23,13,-7,770
42,49,43,67,70,71,80,49,61,58,73,36,25,31,44,51,26,32,47,35,30,1,836
60,64,56,82,82,80,94,45,66,83,83,50,30,51,59,61,50,44,53,35,38,4,896
66,68,64,79,81,71,92,33,55,96,77,50,23,63,65,56,60,45,45,25,37,-1,946
65,61,69,67,69,51,77,18,33,99,61,39,10,64,64,43,59,36,30,8,28,-9,982
63,48,71,52,52,26,56,5,8,93,43,21,-2,56,58,26,52,20,15,-9,17,-16,1007
62,33,70,38,34,7,34,-3,-12,82,30,4,-10,40,47,9,42,2,3,-19,9,-16,1021
59,20,62,24,18,-7,15,-10,-26,64,20,-10,-13,21,32,-5,32,-16,-6,-21,2,-11,1021
49,6,46,9,0,-18,-2,-17,-36,41,12,-22,-12,-2,12,-19,22,-30,-15,-20,-6,-5,1005
28,-9,25,-7,-18,-24,-17,-22,-41,17,3,-28,-8,-22,-12,-31,11,-38,-24,-18,-16,3,972
5,-18,9,-16,-28,-21,-21,-19,-37,-2,-4,-26,4,-31,-27,-35,6,-34,-27,-9,-20,12,921
-7,-13,6,-10,-21,-4,-9,0,-18,-5,0,-11,26,-21,-27,-23,14,-15,-19,10,-8,27,850
1,8,19,14,3,28,19,34,15,9,19,19,61,7,-7,4,35,17,6,40,22,48,760
25,37,41,49,40,67,58,77,54,34,49,61,100,43,23,36,61,54,42,76,65,73,651
53,62,58,83,75,98,96,115,87,59,78,103,133,73,53,60,81,85,77,108,107,94,526
67,72,60,104,93,113,116,133,103,74,95,131,149,84,70,67,86,100,97,125,132,102,386
57,62,45,102,85,108,109,127,97,72,93,136,142,72,65,52,73,98,94,121,132,91,237
24,33,16,76,54,88,77,101,74,52,68,116,116,40,40,18,43,77,70,98,106,65,86
-18,-4,-17,37,14,62,35,67,45,20,30,78,80,-1,5,-19,7,48,34,67,66,34,-56
-56,-36,-42,-1,-17,38,1,38,23,-14,-9,34,48,-37,-27,-45,-24,19,-2,42,27,8,-184
-79,-56,-54,-30,-33,20,-18,20,12,-41,-39,-6,28,-62,-50,-56,-44,-4,-29,32,0,-3,-294
-89,-66,-56,-53,-36,5,-21,14,9,-58,-58,-34,18,-74,-62,-55,-51,-20,-44,32,-12,0,-381
-87,-69,-54,-68,-30,-9,-15,16,9,-62,-66,-47,14,-75,-62,-44,-48,-32,-46,36,-12,13,-444
-80,-68,-52,-75,-22,-21,-5,18,8,-55,-64,-46,12,-69,-55,-28,-39,-37,-41,36,-3,27,-486
-71,-65,-48,-74,-17,-28,0,18,5,-42,-52,-38,10,-59,-47,-14,-29,-35,-31,30,9,33,-517
-61,-59,-40,-64,-15,-26,0,16,2,-24,-34,-24,6,-47,-38,-5,-20,-25,-18,20,24,32,-541
-46,-46,-30,-41,-11,-13,-1,12,4,-3,-10,-3,3,-31,-26,3,-10,-8,-1,11,40,30,-561
-29,-28,-21,-10,-4,8,-3,4,9,17,15,18,1,-15,-14,6,-2,12,15,4,52,28,-577
-15,-11,-12,17,3,26,-10,-10,11,34,35,33,-3,-2,-6,0,2,28,25,-2,53,23,-592
-3,4,-5,32,7,34,-21,-24,8,48,45,41,-10,6,-1,-16,2,35,29,-8,44,16,-602
6,16,-1,36,8,32,-33,-36,1,56,45,43,-19,9,1,-34,2,32,26,-15,28,9,-603
11,23,0,32,5,20,-45,-43,-9,57,40,38,-27,9,-1,-51,1,20,17,-21,10,1,-595
10,24,0,25,-2,3,-55,-48,-21,52,32,26,-30,5,-8,-61,-1,6,4,-24,-6,-7,-582
2,18,1,17,-14,-15,-62,-49,-29,42,23,11,-30,0,-16,-61,-4,-6,-11,-24,-19,-13,-565
-10,6,-2,5,-31,-32,-66,-50,-33,25,9,-6,-31,-7,-22,-55,-9,-14,-25,-22,-30,-16,-547
-25,-12,-9,-12,-50,-46,-67,-54,-36,2,-10,-25,-34,-16,-29,-48,-17,-20,-37,-20,-40,-20,-532
-41,-32,-14,-32,-66,-58,-63,-60,-39,-20,-33,-41,-35,-28,-35,-42,-28,-25,-47,-18,-52,-25,-523
-51,-46,-13,-48,-73,-67,-55,-65,-41,-35,-55,-52,-31,-41,-41,-39,-39,-28,-54,-14,-60,-28,-517
-52,-51,-9,-55,-71,-68,-42,-61,-38,-42,-66,-54,-22,-50,-43,-39,-46,-28,-55,-6,-57,-25,-511
-41,-42,-1,-46,-55,-56,-22,-45,-24,-40,-58,-43,-6,-46,-36,-36,-45,-20,-48,8,-39,-13,-500
-23,-20,12,-22,-26,-30,3,-19,1,-27,-29,-20,17,-29,-19,-26,-31,-4,-30,27,-5,9,-486
-2,6,24,8,9,2,27,10,31,-6,9,8,41,-7,2,-12,-11,15,-3,46,33,37,-469
17,26,32,31,39,30,42,32,60,14,42,31,56,13,21,-1,5,31,25,56,63,59,-453
25,32,31,39,53,44,44,41,78,26,63,41,56,22,28,3,11,36,45,51,78,66,-441
18,24,20,32,46,39,34,36,80,27,65,33,39,19,20,-2,3,26,49,29,75,56,-434
2,4,0,13,25,17,15,19,64,20,51,12,8,4,1,-15,-13,5,36,-6,56,35,-426
-16,-20,-22,-11,2,-12,-7,-1,38,9,29,-15,-29,-15,-20,-33,-33,-19,12,-44,26,11,-415
-30,-41,-39,-29,-13,-36,-23,-16,10,-1,12,-37,-62,-30,-35,-48,-49,-39,-14,-75,-4,-11,-399
-38,-51,-46,-35,-15,-47,-30,-24,-15,-7,5,-47,-81,-36,-37,-55,-52,-50,-33,-88,-26,-25,-379
-43,-52,-47,-36,-8,-46,-31,-26,-36,-10,3,-45,-83,-36,-32,-55,-48,-54,-43,-83,-40,-32,-359
-51,-53,-48,-42,-3,-41,-35,-30,-54,-16,-1,-42,-77,-41,-32,-55,-46,-59,-49,-72,-51,-39,-343
-62,-57,-52,-56,-11,-40,-44,-37,-71,-31,-8,-45,-72,-51,-41,-59,-52,-67,-56,-62,-58,-53,-331
-71,-59,-54,-72,-26,-42,-52,-43,-83,-48,-12,-51,-67,-58,-54,-61,-58,-73,-65,-53,-59,-68,-320
-67,-53,-50,-79,-38,-43,-51,-43,-84,-59,-8,-53,-60,-54,-59,-55,-55,-71,-70,-41,-51,-74,-305
-49,-40,-39,-72,-41,-40,-41,-36,-77,-57,3,-49,-47,-38,-53,-41,-39,-60,-66,-26,-40,-68,-288
-21,-24,-26,-52,-34,-31,-26,-26,-64,-41,19,-38,-30,-14,-36,-22,-16,-41,-55,-8,-27,-54,-271
8,-4,-12,-21,-21,-15,-8,-14,-48,-18,36,-21,-9,14,-12,-1,12,-14,-36,12,-15,-34,-258
31,15,-6,14,-9,5,8,-1,-28,4,47,0,13,40,15,18,39,15,-14,33,-4,-14,-247
44,30,-7,40,-3,20,15,8,-9,20,45,16,30,58,36,29,57,40,6,48,5,2,-241
46,36,-11,50,-3,26,10,12,6,28,32,23,38,62,47,31,65,55,17,53,10,10,-237
43,38,-8,49,-7,28,-1,13,17,30,16,23,38,59,51,29,66,60,18,51,11,8,-230
38,38,4,45,-12,31,-8,15,23,31,3,23,34,52,51,27,67,58,15,46,10,2,-217
31,36,19,40,-17,37,-13,15,23,33,-8,23,27,40,47,26,65,49,11,39,5,-8,-204
17,25,27,32,-23,40,-20,12,13,30,-17,19,16,19,34,22,55,31,4,27,-6,-18,-192
-2,11,25,24,-29,42,-29,8,-3,23,-22,14,5,-5,17,16,40,10,-2,15,-18,-23,-181
-14,1,19,21,-26,46,-31,9,-14,18,-22,12,1,-21,3,14,25,-3,-2,10,-24,-17,-167
-15,1,13,26,-11,50,-24,16,-13,19,-16,16,9,-24,1,18,16,-5,6,14,-19,2,-150
-7,6,13,33,10,50,-11,25,-1,24,-5,22,22,-16,7,25,14,1,20,23,-5,27,-131
8,15,17,40,31,48,7,34,14,33,9,27,35,0,19,33,19,9,36,30,14,51,-113
24,26,25,48,47,48,30,46,31,46,27,34,46,20,33,42,30,21,56,33,34,69,-100
34,34,30,54,57,50,50,57,43,60,46,38,49,38,43,51,42,30,74,31,49,79,-96
34,32,30,52,55,46,58,60,43,66,62,36,40,44,44,55,47,29,79,21,54,78,-98
25,22,25,40,41,38,51,51,28,65,68,29,20,39,34,51,42,18,70,5,47,68,-103
18,11,18,23,22,29,36,33,6,58,63,22,-3,29,23,43,31,4,51,-12,35,53,-106
18,5,14,10,5,22,20,11,-13,52,52,20,-22,22,17,37,20,-5,30,-25,27,37,-104
24,7,13,3,-6,16,9,-11,-26,49,41,24,-31,20,20,38,13,-4,13,-30,26,22,-99
35,16,16,3,-10,14,6,-26,-29,52,33,34,-25,25,28,45,13,3,9,-29,33,8,-92
46,29,19,8,-7,18,9,-30,-26,59,31,46,-9,35,39,58,22,14,16,-25,43,-3,-84
50,38,22,9,-4,21,10,-25,-23,61,29,53,8,42,42,66,33,20,27,-22,46,-15,-77
42,34,24,1,-7,17,4,-17,-26,53,23,48,17,41,33,59,41,18,31,-20,37,-26,-72
26,20,26,-15,-17,5,-7,-9,-34,36,13,34,15,31,15,35,43,9,27,-18,18,-36,-68
9,3,28,-32,-28,-10,-16,-2,-41,17,2,19,7,17,-6,3,41,-2,19,-14,0,-40,-64
-6,-11,29,-41,-33,-22,-21,5,-42,1,-6,9,-1,5,-22,-26,38,-8,10,-4,-11,-38,-61
-16,-18,28,-38,-27,-27,-16,11,-34,-6,-6,6,-1,-2,-31,-42,33,-6,6,11,-11,-29,-60
-18,-15,27,-23,-12,-20,-2,14,-19,-6,-1,7,8,-3,-31,-41,29,-1,6,27,-3,-17,-59
-15,-10,25,-7,1,-6,12,11,-3,-3,-1,9,20,-4,-28,-31,22,2,8,34,4,-9,-57
-13,-9,18,2,3,4,17,1,6,-5,-12,6,27,-11,-30,-23,12,-1,5,29,0,-7,-55
-11,-11,11,4,-5,6,15,-10,10,-6,-28,0,29,-21,-36,-18,1,-6,-1,17,-11,-6,-53
-4,-10,9,8,-14,7,15,-12,19,0,-34,1,30,-28,-35,-11,-2,-5,-4,8,-17,1,-48
8,-2,14,18,-18,13,23,-3,34,18,-24,12,33,-27,-23,-1,7,2,1,5,-10,18,-41
24,12,22,34,-14,26,35,17,52,44,-1,28,38,-17,0,12,26,12,15,7,9,38,-36
40,26,26,51,-2,43,45,38,69,68,25,41,40,0,27,24,43,19,31,11,32,57,-36
49,36,22,64,11,59,47,49,76,83,43,44,34,18,48,29,50,16,41,10,49,65,-39
50,38,10,67,19,64,38,47,69,84,46,37,22,29,58,25,43,5,40,2,52,61,-41
44,36,-6,61,18,54,21,34,50,75,37,21,6,32,55,16,28,-11,29,-8,43,45,-39
32,29,-20,50,9,29,1,14,22,59,21,1,-11,27,42,5,10,-28,9,-16,25,21,-35
19,19,-29,35,-6,-6,-16,-10,-7,41,6,-18,-29,15,21,-3,-7,-41,-14,-21,3,-5,-29
10,10,-28,23,-25,-35,-24,-28,-31,26,-2,-33,-42,5,3,-4,-15,-45,-32,-24,-15,-26,-24
12,7,-17,18,-38,-48,-23,-34,-44,23,-2,-36,-45,1,-4,4,-7,-39,-35,-25,-24,-39,-21
20,10,1,22,-44,-45,-19,-30,-49,30,5,-30,-41,5,0,15,12,-26,-25,-26,-29,-43,-20
26,14,17,31,-46,-30,-18,-24,-50,42,15,-18,-34,12,8,20,32,-11,-10,-28,-33,-42,-20
24,18,28,37,-46,-12,-22,-19,-51,53,24,-3,-26,18,14,21,50,3,2,-31,-35,-41,-22
16,23,35,42,-45,6,-25,-16,-50,63,35,12,-17,22,20,17,64,13,10,-30,-33,-39,-23
3,24,39,41,-42,19,-28,-15,-47,67,46,26,-9,22,22,10,70,20,13,-21,-32,-35,-24
-15,17,38,32,-39,23,-32,-18,-43,57,49,32,-8,13,17,-1,64,21,9,-6,-34,-32,-24
-33,3,29,17,-36,22,-36,-20,-37,38,43,33,-9,-1,6,-13,47,19,2,10,-40,-28,-22
-42,-10,16,1,-27,23,-37,-15,-27,18,32,33,-7,-14,-6,-21,28,15,1,26,-46,-21,-17
-43,-18,1,-10,-13,26,-38,-5,-15,2,20,36,-4,-21,-15,-21,12,11,5,40,-49,-12,-11
-39,-22,-13,-16,1,28,-38,6,-6,-9,10,37,-3,-22,-21,-15,-1,6,10,49,-47,-5,-4
-32,-21,-25,-16,11,27,-35,11,0,-12,6,30,-6,-14,-22,-5,-9,-1,16,51,-36,1,-2
-23,-16,-34,-13,15,24,-28,10,2,-8,7,17,-12,0,-20,6,-13,-6,22,46,-18,6,-5
-16,-14,-40,-11,12,18,-21,3,-1,-2,11,-1,-22,10,-15,14,-17,-9,21,34,3,6,-11
-15,-16,-40,-9,6,12,-13,-6,-5,3,15,-21,-33,8,-11,15,-21,-11,12,20,20,3,-17
-15,-21,-32,-7,2,9,-3,-13,-4,4,19,-38,-38,0,-8,10,-23,-10,-2,7,29,1,-22
-14,-26,-20,-3,1,9,7,-14,1,2,21,-45,-35,-10,-7,0,-24,-11,-16,-4,31,3,-23
-11,-28,-5,-1,3,10,17,-9,10,-2,19,-41,-26,-18,-7,-10,-23,-14,-25,-11,29,9,-20
-4,-24,12,3,10,9,26,0,23,-5,19,-26,-13,-21,-7,-15,-20,-21,-24,-10,27,20,-13
5,-15,25,7,20,8,34,8,36,-6,18,-5,3,-19,-6,-16,-18,-29,-12,-3,29,38,-6
7,-8,25,3,24,1,35,7,40,-8,14,10,16,-19,-10,-21,-21,-37,3,1,30,52,-1
-3,-12,10,-12,19,-12,26,-5,31,-14,4,14,22,-25,-22,-31,-32,-42,10,-5,25,55,1
-22,-24,-14,-34,6,-28,13,-23,16,-22,-6,11,23,-35,-37,-45,-45,-41,8,-19,15,49,-1
-38,-37,-35,-50,-6,-41,1,-39,3,-24,-10,8,23,-43,-47,-56,-50,-31,2,-30,1,41,-2
-46,-44,-46,-53,-14,-45,-5,-47,-4,-19,-6,10,28,-42,-46,-57,-44,-12,-1,-33,-11,37,-1
-41,-41,-43,-45,-11,-40,-3,-42,-3,-6,4,19,38,-30,-35,-44,-30,12,5,-25,-15,37,1
-27,-29,-28,-31,0,-29,5,-24,3,10,16,32,49,-12,-18,-20,-11,32,17,-6,-10,39,1
-15,-19,-13,-20,8,-18,8,-3,5,19,23,44,54,1,-6,3,3,40,27,15,-3,36,0
-14,-16,-10,-18,6,-11,2,14,-5,17,21,46,51,7,-4,17,10,34,26,27,-2,24,-1
-19,-19,-22,-22,-7,-6,-10,21,-22,5,13,37,40,11,-9,23,11,20,12,28,-5,4,-4
-26,-25,-41,-25,-27,-1,-24,15,-38,-8,5,23,24,16,-14,23,11,4,-7,21,-12,-19,-6
-27,-26,-58,-21,-46,3,-37,0,-48,-15,0,8,5,20,-14,22,13,-6,-21,11,-20,-39,-4
-17,-16,-60,-5,-54,13,-43,-14,-46,-8,4,-1,-7,28,-2,31,24,-2,-19,8,-22,-46,0
8,9,-38,27,-41,33,-31,-14,-26,16,23,0,-2,47,25,55,46,20,7,18,-7,-34,3
43,44,5,64,-11,58,-5,2,7,52,52,11,17,71,60,89,74,51,49,37,23,-7,4
74,74,48,94,22,79,25,24,41,85,78,25,40,90,87,117,100,81,89,55,54,23,6
92,92,76,112,48,89,49,48,69,104,95,38,60,99,101,133,117,102,112,68,79,46,7
100,99,87,119,67,90,68,67,88,111,101,48,73,102,104,136,126,110,119,74,95,61,6
101,98,85,115,79,82,80,76,96,108,97,51,74,98,97,127,122,104,109,73,98,65,4
92,87,69,99,80,62,76,69,89,95,77,45,56,85,83,107,103,83,85,60,85,56,1
70,66,41,67,63,29,54,45,65,71,44,25,20,59,60,76,70,49,49,34,59,33,-2
39,37,7,23,30,-14,20,10,28,42,6,-4,-26,26,33,40,28,4,9,1,25,5,-1
7,7,-27,-23,-9,-55,-15,-27,-12,13,-30,-35,-67,-7,6,2,-14,-43,-27,-34,-7,-23,7
-19,-19,-56,-63,-47,-89,-43,-62,-43,-11,-55,-58,-94,-35,-17,-32,-49,-80,-54,-63,-33,-45,19
-34,-39,-78,-92,-78,-110,-60,-88,-59,-30,-69,-71,-106,-54,-35,-59,-73,-100,-71,-83,-49,-57,31
-40,-49,-88,-104,-95,-116,-62,-99,-58,-40,-69,-70,-103,-63,-47,-71,-84,-100,-76,-88,-54,-56,41
-37,-46,-83,-99,-95,-107,-50,-97,-44,-42,-60,-56,-89,-60,-50,-67,-84,-83,-70,-81,-51,-43,48
-34,-38,-69,-85,-85,-92,-31,-88,-27,-42,-48,-37,-70,-54,-48,-52,-75,-58,-63,-69,-45,-26,58
-43,-38,-59,-77,-78,-84,-23,-82,-21,-48,-46,-25,-58,-53,-52,-43,-69,-37,-64,-57,-45,-16,76
-64,-47,-56,-80,-79,-85,-28,-83,-30,-63,-54,-23,-55,-58,-63,-42,-66,-26,-73,-49,-51,-21,105
-82,-57,-48,-87,-80,-85,-36,-80,-42,-76,-61,-26,-49,-59,-70,-43,-59,-23,-80,-36,-55,-32,144
-81,-56,-28,-82,-70,-71,-37,-66,-44,-81,-55,-24,-30,-46,-64,-37,-41,-19,-72,-9,-46,-38,184
-62,-44,-1,-66,-50,-43,-31,-38,-33,-75,-38,-16,-3,-23,-45,-23,-16,-9,-52,28,-30,-35,217
-35,-26,22,-44,-27,-10,-20,-8,-15,-63,-17,-8,22,0,-20,-4,6,5,-28,60,-15,-28,233
-10,-9,34,-23,-11,16,-11,13,-1,-49,-1,-2,38,16,4,13,20,16,-8,76,-9,-22,229
4,1,29,-10,-3,27,-8,19,4,-40,3,-4,40,19,17,23,22,19,3,73,-13,-17,207
4,0,4,-7,-5,20,-15,7,-4,-36,-6,-17,29,9,15,22,10,15,0,56,-29,-18,172
-3,-6,-29,-10,-13,2,-26,-15,-18,-33,-24,-36,11,-3,6,18,-6,7,-11,34,-47,-23,126
-8,-8,-56,-10,-20,-13,-30,-33,-27,-28,-39,-50,-2,-5,0,19,-17,-1,-18,20,-53,-26,71
-7,-2,-69,-2,-20,-15,-23,-39,-23,-19,-44,-54,-5,3,2,28,-17,-5,-15,17,-42,-21,12
-2,9,-66,14,-12,-5,-10,-33,-10,-5,-36,-46,2,17,12,44,-7,-2,-5,22,-19,-11,-43
4,20,-52,31,0,9,2,-21,6,11,-21,-31,8,31,23,57,7,7,4,25,9,-1,-88
3,24,-36,39,4,16,5,-15,16,21,-9,-17,7,37,29,59,16,11,8,17,31,4,-120
-2,20,-23,37,0,10,-3,-18,16,25,-2,-9,-6,34,24,49,17,7,8,-3,43,2,-140
-3,16,-8,34,-4,1,-13,-25,13,28,4,-5,-22,28,18,38,18,-2,10,-20,48,0,-151
8,20,15,35,-3,-2,-17,-26,14,39,16,2,-29,29,20,35,23,-6,17,-26,53,4,-153
28,32,40,41,2,5,-9,-19,21,53,32,12,-25,36,29,37,31,-4,28,-23,58,16,-150
50,44,60,47,8,15,7,-11,32,62,48,21,-13,40,40,38,38,3,39,-17,61,30,-145
63,49,69,47,13,21,23,-4,39,62,60,28,1,34,43,33,38,11,40,-13,58,42,-142
62,41,65,34,8,15,30,-5,37,48,62,29,9,15,33,16,27,17,27,-12,46,45,-141
44,18,44,8,-7,-4,26,-16,25,20,46,22,10,-14,11,-12,5,15,3,-18,25,38,-145
12,-13,15,-25,-29,-29,12,-33,5,-14,16,8,7,-42,-17,-43,-23,8,-22,-29,-2,25,-159
-27,-46,-15,-58,-51,-52,-5,-49,-16,-47,-19,-6,3,-61,-45,-66,-49,-2,-43,-37,-29,11,-178
-64,-73,-39,-86,-68,-69,-22,-58,-35,-72,-50,-18,0,-71,-67,-77,-68,-12,-57,-37,-50,-4,-177
-88,-91,-55,-104,-76,-78,-34,-55,-45,-85,-71,-29,0,-70,-81,-74,-77,-21,-65,-29,-61,-16,-107
-92,-92,-57,-104,-69,-73,-35,-39,-40,-85,-77,-32,3,-59,-81,-57,-73,-20,-62,-11,-58,-19,103
-68,-69,-37,-79,-42,-50,-17,-7,-13,-66,-60,-19,14,-35,-61,-27,-52,-1,-43,21,-37,-8,507
-20,-20,3,-29,5,-5,21,40,31,-28,-20,13,40,5,-19,15,-12,34,-5,63,0,16,1104
44,45,55,38,65,56,72,95,84,25,29,58,78,60,40,65,40,78,47,105,44,52,1802
107,110,107,107,122,120,123,141,132,79,73,103,118,118,102,113,91,118,100,131,85,90,2417
150,156,141,156,158,163,155,166,157,118,99,132,142,158,145,147,125,141,135,130,110,113,2739
162,166,147,169,164,168,155,160,151,128,98,132,135,165,155,157,131,134,141,102,110,109,2628
146,144,126,149,140,135,122,130,117,114,73,103,98,138,134,146,112,102,118,56,89,82,2098
116,107,91,111,103,83,76,90,72,88,36,60,48,92,97,120,81,65,82,13,61,47,1317
86,72,54,74,69,33,38,56,33,63,2,23,3,45,64,89,51,38,50,-15,39,19,529
59,48,21,45,50,-3,21,36,9,48,-18,0,-25,11,44,61,29,25,32,-24,28,3,-60
37,34,-2,24,44,-20,23,29,0,42,-24,-9,-34,-5,35,41,16,22,26,-18,29,-3,-354
16,22,-19,6,41,-28,36,28,-1,38,-22,-12,-30,-9,30,25,6,21,23,-8,33,-2,-394
-5,4,-35,-19,34,-39,41,21,-1,27,-22,-19,-27,-13,17,5,-8,14,13,-5,30,-1,-306
-29,-22,-51,-51,20,-58,32,5,-7,7,-27,-33,-32,-21,-7,-22,-30,-1,-8,-12,14,-6,-216
-51,-51,-62,-81,1,-79,11,-14,-16,-17,-39,-51,-42,-35,-37,-50,-53,-20,-33,-25,-12,-13,-180
-66,-73,-67,-99,-17,-95,-15,-33,-28,-40,-57,-69,-52,-50,-65,-73,-72,-39,-55,-38,-40,-18,-192
-72,-82,-67,-99,-29,-104,-38,-50,-40,-58,-79,-80,-61,-67,-85,-87,-84,-54,-73,-48,-66,-20,-221
-66,-76,-56,-80,-31,-100,-51,-57,-47,-65,-95,-81,-63,-75,-91,-90,-86,-58,-83,-52,-83,-21,-243
-50,-54,-33,-48,-26,-84,-53,-53,-48,-58,-100,-70,-59,-71,-82,-79,-77,-50,-85,-45,-87,-22,-254
-29,-25,-7,-14,-17,-64,-48,-41,-46,-41,-95,-56,-52,-56,-60,-63,-58,-35,-81,-27,-81,-23,-257
-7,3,12,12,-10,-49,-40,-29,-48,-21,-81,-43,-47,-35,-34,-50,-36,-20,-75,-4,-73,-24,-258
12,23,22,26,-7,-36,-32,-16,-52,-2,-61,-35,-42,-13,-9,-39,-13,-7,-65,19,-64,-28,-255
26,33,24,29,-6,-24,-27,-7,-57,11,-40,-32,-38,8,12,-27,5,0,-49,35,-55,-36,-243
29,31,20,19,-9,-15,-28,-6,-62,10,-26,-37,-38,18,23,-16,13,0,-32,41,-50,-47,-222
24,17,13,4,-16,-10,-36,-12,-68,-5,-23,-46,-40,14,22,-6,10,-5,-20,34,-49,-57,-195
16,2,4,-9,-26,-6,-48,-19,-69,-25,-26,-51,-39,3,13,1,-4,-8,-13,21,-48,-62,-169
6,-13,-6,-19,-35,-3,-59,-22,-62,-45,-34,-52,-36,-13,-1,6,-25,-7,-12,7,-44,-61,-151
-11,-29,-22,-28,-43,-5,-67,-23,-52,-62,-46,-51,-34,-34,-18,5,-49,-9,-16,-6,-40,-58,-139
-32,-43,-42,-34,-46,-15,-69,-23,-41,-72,-59,-47,-33,-56,-36,-3,-69,-16,-20,-19,-37,-53,-125
-45,-46,-56,-28,-36,-20,-58,-15,-26,-67,-63,-35,-30,-68,-42,-6,-75,-23,-16,-25,-28,-41,-105
-43,-32,-52,-6,-9,-14,-35,3,-2,-44,-52,-13,-20,-59,-31,4,-62,-23,1,-21,-8,-20,-80
-26,-4,-28,26,29,2,-4,26,29,-8,-26,17,-6,-34,-4,23,-31,-15,28,-6,20,8,-52
-1,30,9,59,65,23,26,48,58,31,9,49,6,-1,32,42,9,-5,56,12,49,39,-20
27,64,44,83,89,41,48,63,79,63,43,74,13,34,66,56,45,1,78,29,70,68,15
47,84,59,89,93,49,54,62,84,81,66,81,10,59,86,61,64,-1,84,35,77,85,51
49,78,47,70,74,40,40,42,67,77,68,67,-5,62,79,50,58,-17,72,24,65,79,85
33,48,12,30,35,15,9,3,32,52,49,36,-30,43,48,23,30,-42,45,-5,40,51,117
8,6,-28,-18,-11,-17,-25,-39,-9,16,19,1,-51,14,7,-10,-6,-64,14,-39,9,17,149
-10,-29,-54,-56,-45,-43,-48,-69,-41,-16,-5,-24,-55,-12,-27,-34,-35,-70,-10,-60,-14,-8,182
-16,-46,-54,-75,-59,-53,-52,-77,-53,-34,-13,-29,-40,-24,-44,-41,-46,-53,-21,-62,-21,-18,221
-12,-44,-29,-77,-56,-45,-39,-67,-47,-37,-7,-17,-14,-23,-42,-35,-40,-23,-21,-50,-13,-18,263
-3,-31,8,-67,-42,-27,-20,-47,-30,-32,6,5,12,-13,-32,-21,-25,7,-18,-32,2,-12,306
7,-13,42,-48,-20,-7,-4,-25,-10,-23,19,27,31,-2,-20,-8,-10,26,-16,-15,14,-3,350
19,3,65,-22,3,11,2,-7,6,-14,30,42,39,7,-12,2,1,34,-16,-1,21,5,393
35,17,78,9,25,28,4,8,19,-3,39,51,43,14,-6,7,10,35,-14,12,26,12,439
53,34,88,44,45,45,8,25,32,10,50,58,52,22,4,10,24,36,-3,27,34,22,488
72,55,94,77,64,61,14,44,42,25,64,62,63,31,17,14,43,39,16,43,41,34,541
86,74,95,103,73,73,16,60,47,39,77,59,71,40,31,18,59,41,37,53,45,42,600
90,86,87,115,69,79,11,67,45,49,83,47,70,46,43,22,66,41,54,53,43,41,661
83,88,71,110,52,78,0,65,37,50,79,30,59,46,51,24,62,35,63,42,36,33,723
67,80,45,92,28,70,-16,54,24,43,68,10,39,41,53,21,48,22,64,25,27,20,784
50,65,18,68,6,55,-30,38,11,34,53,-9,16,35,52,17,28,9,60,11,16,7,840
37,52,-1,50,-4,42,-32,28,3,30,38,-20,-1,34,53,18,12,3,55,8,11,-1,889
31,44,-8,40,3,35,-18,27,0,33,25,-20,-7,40,56,23,5,2,54,14,13,-3,929
31,40,-8,35,22,30,4,32,0,39,13,-12,-7,47,58,31,6,2,53,23,18,-3,956
34,39,-3,32,48,23,28,39,4,45,1,-3,-7,50,56,40,9,-1,49,31,19,-3,971
40,39,4,29,72,15,50,44,13,47,-7,6,-6,47,52,50,12,-6,41,31,16,0,972
47,40,9,28,89,9,66,47,27,47,-10,13,-3,37,47,54,11,-11,32,24,15,7,957
56,41,14,27,97,8,77,47,45,46,-7,20,3,24,41,52,9,-13,27,11,19,15,927
67,43,21,30,95,10,78,42,59,45,2,27,8,10,35,41,7,-13,28,-5,23,22,879
75,43,27,35,80,13,70,34,62,43,11,32,14,0,28,24,6,-14,31,-26,21,28,811
76,38,30,40,51,16,53,23,53,38,17,35,18,-5,21,2,5,-19,34,-50,9,34,721
67,30,31,42,14,16,34,12,33,29,19,38,21,-7,15,-16,6,-26,33,-73,-6,36,607
47,19,28,35,-23,11,15,1,7,13,20,41,21,-7,9,-27,8,-34,25,-90,-24,32,472
17,3,20,17,-59,0,-5,-9,-19,-10,17,41,16,-8,2,-33,8,-41,6,-99,-41,21,324
-14,-14,4,-6,-90,-13,-24,-17,-39,-35,9,37,7,-13,-7,-38,4,-44,-18,-96,-55,7,170
-37,-28,-15,-30,-111,-21,-41,-23,-50,-57,-3,29,-4,-20,-18,-40,1,-39,-39,-82,-60,-11,20
-48,-31,-30,-44,-117,-18,-50,-25,-52,-67,-14,26,-11,-22,-25,-35,4,-26,-44,-56,-58,-27,-119
-40,-22,-34,-41,-107,-4,-48,-20,-43,-61,-18,30,-11,-14,-24,-22,16,-2,-31,-21,-47,-34,-239
-21,-2,-29,-23,-85,14,-34,-8,-28,-41,-13,40,-5,0,-15,-3,31,26,-8,14,-32,-31,-340
2,19,-21,0,-61,26,-18,2,-14,-16,-5,46,-1,10,-3,17,43,48,14,39,-15,-24,-426
20,35,-12,21,-40,27,-5,4,-6,7,0,45,-2,13,7,34,45,58,24,50,1,-19,-497
33,45,-6,37,-24,21,0,-3,-7,22,-2,34,-8,9,14,43,38,58,21,47,13,-18,-551
34,45,-7,43,-18,9,-8,-19,-18,24,-16,12,-21,-3,15,39,20,47,4,33,17,-22,-590
22,33,-15,39,-22,-8,-28,-44,-35,12,-40,-19,-40,-19,8,26,-6,29,-21,12,10,-30,-617
3,15,-26,28,-32,-23,-50,-70,-52,-8,-65,-50,-58,-30,-2,9,-33,9,-43,-7,-2,-38,-634
-14,0,-31,19,-38,-33,-62,-86,-60,-23,-79,-68,-67,-31,-9,-4,-50,-4,-54,-15,-11,-40,-642
-20,-7,-28,12,-34,-38,-58,-86,-54,-28,-73,-72,-64,-22,-6,-11,-53,-6,-53,-10,-10,-33,-644
-16,-6,-18,6,-24,-41,-42,-74,-36,-21,-51,-66,-53,-11,4,-11,-46,-1,-45,2,-1,-21,-645
-9,-6,-8,-5,-12,-45,-21,-57,-18,-8,-26,-56,-41,-5,11,-8,-36,3,-37,9,8,-13,-649
-10,-11,-3,-24,0,-51,-2,-42,-7,2,-11,-46,-33,-4,8,-7,-28,1,-31,8,14,-12,-655
-21,-23,-5,-49,12,-54,12,-29,-3,7,-8,-36,-30,-7,-4,-11,-26,-6,-28,-2,16,-16,-657
-40,-41,-11,-75,23,-56,20,-20,-2,5,-14,-26,-30,-13,-23,-20,-31,-18,-29,-15,13,-17,-655
-61,-60,-19,-98,29,-55,22,-14,-4,-7,-24,-17,-30,-22,-45,-35,-42,-31,-34,-25,4,-14,-647
-76,-77,-24,-110,31,-47,24,-10,-5,-23,-31,-6,-26,-32,-63,-53,-54,-42,-39,-28,-6,-7,-635
-77,-83,-22,-109,31,-32,27,-6,-3,-40,-27,5,-16,-41,-71,-73,-62,-42,-45,-22,-11,1,-618
-65,-78,-14,-98,24,-12,29,-2,2,-54,-16,14,-2,-48,-71,-91,-67,-35,-52,-11,-14,5,-603
-48,-69,-6,-82,7,5,25,-4,3,-66,-8,14,7,-55,-70,-106,-72,-29,-64,-4,-20,-3,-591
-34,-62,-6,-68,-18,11,10,-15,-4,-78,-11,2,6,-62,-72,-118,-82,-30,-80,-7,-32,-24,-584
-27,-58,-9,-57,-42,8,-13,-31,-16,-86,-25,-20,-3,-66,-77,-122,-92,-36,-95,-18,-44,-50,-578
-21,-50,-9,-44,-52,1,-34,-42,-26,-85,-41,-40,-11,-62,-79,-112,-95,-40,-101,-28,-49,-67,-570
-14,-37,0,-27,-44,-2,-48,-42,-30,-73,-52,-52,-12,-51,-71,-88,-85,-40,-93,-30,-46,-72,-561
-9,-24,12,-12,-23,-3,-56,-36,-30,-58,-58,-57,-11,-36,-59,-61,-66,-36,-78,-26,-41,-69,-550
-13,-19,20,-7,-4,-5,-63,-31,-29,-51,-65,-60,-12,-27,-50,-40,-47,-35,-66,-19,-37,-66,-538
-25,-21,14,-13,6,-10,-70,-28,-27,-54,-74,-63,-20,-27,-46,-30,-33,-37,-60,-13,-37,-64,-525
-38,-27,-1,-25,4,-16,-73,-25,-21,-60,-82,-66,-30,-30,-44,-26,-28,-40,-56,-5,-38,-60,-510
-46,-30,-18,-34,-4,-21,-69,-22,-12,-63,-81,-65,-37,-33,-38,-24,-31,-40,-50,6,-36,-49,-495
-44,-29,-32,-40,-13,-23,-55,-18,0,-61,-70,-61,-36,-35,-29,-22,-39,-37,-42,15,-30,-28,-484
-32,-23,-38,-39,-17,-21,-33,-13,12,-49,-49,-53,-25,-35,-16,-16,-45,-32,-28,24,-20,1,-477
-12,-9,-29,-29,-9,-13,-3,-2,24,-26,-19,-39,0,-25,2,-3,-41,-20,-5,38,-4,35,-470
13,9,-11,-13,6,-2,27,14,37,3,15,-20,33,-4,23,17,-26,-1,21,56,14,66,-463
29,17,-4,-3,16,0,43,20,41,25,39,-9,57,15,35,32,-10,16,35,65,25,82,-458
20,5,-19,-13,8,-16,32,4,28,25,42,-14,54,17,25,31,-10,20,27,53,22,73,-454
-8,-25,-51,-41,-16,-46,0,-31,-3,6,24,-31,24,5,-1,14,-24,11,1,21,4,43,-448
-41,-57,-82,-75,-43,-76,-37,-73,-40,-20,-3,-47,-16,-10,-30,-8,-46,-6,-29,-19,-20,5,-437
-64,-79,-99,-103,-64,-95,-69,-108,-73,-38,-24,-57,-55,-23,-52,-29,-65,-27,-52,-55,-43,-32,-421
-73,-89,-98,-119,-71,-98,-89,-128,-95,-44,-35,-59,-82,-32,-65,-44,-74,-48,-59,-80,-58,-59,-404
-69,-84,-77,-117,-64,-86,-91,-125,-100,-36,-31,-50,-89,-35,-67,-49,-65,-61,-49,-89,-62,-73,-388
-53,-65,-41,-94,-42,-58,-75,-95,-86,-15,-9,-25,-71,-30,-55,-40,-35,-57,-25,-79,-53,-70,-374
-30,-36,-1,-57,-12,-20,-44,-49,-57,15,24,10,-35,-21,-32,-19,9,-34,4,-55,-32,-51,-363
-8,-10,31,-18,14,21,-11,-3,-24,43,56,43,5,-11,-9,3,51,-1,28,-31,-8,-24,-356
5,4,49,12,28,55,12,32,1,56,75,68,38,-3,6,21,82,29,43,-15,10,1,-351
12,10,58,31,33,79,24,56,16,58,81,85,61,9,16,37,100,53,51,-3,20,18,-346
21,17,63,46,37,98,31,77,27,56,81,95,76,29,26,56,111,72,63,14,29,32,-339
32,29,64,59,43,112,36,98,42,55,81,99,86,52,37,75,118,88,80,37,40,46,-333
40,42,61,72,50,119,40,114,61,53,85,100,92,70,47,88,122,103,95,61,54,59,-329
46,56,57,84,56,121,48,126,82,54,94,98,96,81,58,96,125,115,107,82,69,69,-326
53,73,58,97,60,123,64,136,104,61,107,97,102,87,72,103,127,126,116,98,87,81,-321
60,85,62,109,59,125,79,142,122,71,118,94,107,90,84,107,125,131,120,107,105,92,-312
60,86,64,114,52,122,84,137,126,78,119,83,105,91,90,105,114,128,118,102,116,93,-302
51,76,59,107,41,107,73,119,114,79,107,64,91,88,85,96,96,112,109,84,113,81,-292
38,60,47,90,29,82,50,93,89,73,85,41,67,79,74,83,75,86,97,62,100,65,-281
24,43,29,69,21,54,28,65,65,68,60,19,42,66,61,70,57,60,84,43,87,54,-270
13,30,10,50,19,32,17,39,52,67,44,4,25,54,51,61,44,42,73,30,79,52,-260
6,23,-6,32,20,16,18,19,47,70,38,-2,15,41,43,55,35,32,64,21,74,54,-255
2,17,-15,13,17,5,27,6,45,72,37,0,11,26,35,50,27,27,54,15,69,55,-258
2,10,-18,-3,11,-3,39,2,40,70,38,6,10,10,25,43,19,25,42,8,60,52,-265
3,2,-17,-14,5,-10,46,2,32,65,37,10,7,-1,15,33,10,22,27,0,48,41,-273
7,-7,-11,-22,-1,-18,43,1,18,58,31,10,3,-6,6,14,4,14,14,-11,31,25,-279
14,-11,2,-25,-4,-22,37,1,3,51,25,10,-1,-3,3,-6,3,2,8,-20,15,10,-280
23,-8,22,-20,0,-15,36,8,-3,50,27,13,1,10,9,-18,10,-7,12,-23,8,3,-277
33,3,44,-9,12,1,41,20,1,56,38,22,10,30,22,-18,20,-12,24,-19,10,5,-269
39,18,58,2,23,21,45,33,11,66,53,35,26,51,37,-10,32,-9,37,-14,17,6,-261
42,34,63,10,29,39,45,44,21,75,65,53,45,67,50,1,45,2,46,-8,22,4,-253
43,48,61,15,32,52,38,54,30,78,70,67,61,75,58,11,60,17,51,0,24,0,-245
40,56,51,20,31,59,25,57,34,75,67,70,72,71,59,17,73,29,48,10,20,-3,-237
36,59,44,28,30,62,10,56,35,68,57,68,77,59,56,19,85,39,45,23,13,-2,-229
39,66,50,47,37,69,3,59,40,66,51,68,81,49,56,23,101,52,48,44,11,8,-223
47,78,70,74,51,80,6,71,51,70,55,73,85,43,62,32,116,63,58,71,17,26,-222
54,88,92,99,65,88,15,83,61,72,62,78,82,39,67,41,121,68,67,91,29,41,-225
58,92,104,114,71,88,20,85,66,68,65,80,70,36,67,42,110,64,67,94,40,46,-227
58,87,104,115,68,77,18,76,64,59,60,74,49,33,63,36,86,55,57,80,46,40,-226
55,74,91,105,56,59,8,58,60,44,49,59,22,31,55,24,55,45,42,61,48,26,-220
49,57,64,86,42,35,-7,36,51,25,30,32,-6,26,42,9,21,33,24,42,44,8,-209
39,36,29,62,27,8,-23,11,38,5,8,1,-30,19,26,-4,-10,22,7,25,35,-11,-197
28,17,-3,35,13,-16,-34,-9,25,-9,-11,-25,-44,11,11,-12,-34,14,-7,9,25,-27,-191
22,7,-25,13,4,-33,-34,-19,16,-13,-21,-36,-42,8,3,-12,-46,11,-12,-2,20,-32,-189
20,7,-34,-3,0,-40,-22,-19,13,-6,-20,-31,-28,11,3,-6,-46,11,-8,-12,24,-24,-189
21,12,-32,-12,0,-39,1,-16,16,5,-9,-14,-6,16,6,2,-39,13,0,-23,32,-2,-189
23,20,-20,-13,2,-30,29,-10,27,19,8,10,19,21,13,11,-27,18,8,-31,41,30,-186
25,28,1,-7,8,-14,56,0,42,30,25,36,42,23,20,15,-14,26,16,-33,47,64,-180
22,29,18,-3,12,-1,70,7,52,28,33,51,56,16,18,6,-6,27,14,-34,44,89,-175
7,13,22,-12,5,1,64,2,44,5,24,46,56,-5,3,-18,-13,15,-5,-45,24,91,-176
-16,-15,12,-33,-12,-7,39,-16,15,-31,2,28,45,-32,-23,-54,-36,-10,-39,-65,-11,68,-180
-38,-44,-4,-57,-28,-17,8,-35,-20,-64,-20,8,30,-54,-46,-86,-62,-35,-74,-81,-49,33,-181
-49,-61,-18,-67,-36,-19,-15,-49,-47,-82,-32,-2,19,-58,-55,-101,-77,-47,-97,-85,-75,1,-174
-45,-60,-23,-59,-30,-13,-25,-53,-57,-78,-30,1,15,-44,-48,-93,-75,-44,-102,-73,-85,-19,-160
-29,-43,-16,-39,-16,0,-20,-44,-51,-58,-20,11,15,-15,-30,-66,-57,-28,-90,-51,-84,-30,-143
-4,-16,3,-14,0,15,-6,-28,-33,-31,-11,22,13,15,-7,-29,-28,-4,-67,-27,-74,-33,-129
24,16,26,10,13,29,9,-6,-11,-4,-7,28,9,39,17,7,5,20,-39,-9,-62,-34,-121
49,45,41,29,20,39,19,17,5,18,-10,26,5,50,36,34,37,39,-15,3,-53,-35,-119
63,67,42,45,24,43,24,38,13,34,-15,20,3,53,51,53,60,52,5,11,-48,-33,-119
68,81,32,61,29,45,30,57,18,47,-16,15,3,53,64,67,76,59,23,19,-41,-26,-117
65,87,21,79,36,49,38,71,24,58,-9,15,9,54,76,80,85,63,40,28,-26,-10,-112
58,87,15,94,45,51,46,78,33,66,3,18,17,58,86,91,88,64,57,34,-2,10,-103
50,80,16,96,50,50,51,76,42,69,12,19,22,64,90,98,82,61,70,32,26,27,-91
42,67,17,82,46,41,50,64,48,61,13,15,21,66,86,98,64,51,76,20,50,36,-79
33,49,13,54,34,24,40,46,48,47,6,5,13,60,75,92,40,35,69,2,63,33,-74
24,32,1,24,20,2,27,28,43,31,-5,-7,1,48,61,81,16,18,54,-17,63,23,-74
18,19,-16,3,10,-20,15,14,35,19,-17,-18,-12,31,46,70,-3,3,35,-32,55,10,-75
14,12,-28,-5,6,-38,8,5,27,12,-29,-27,-21,15,34,60,-14,-10,19,-38,41,-1,-75
12,9,-32,-5,6,-51,5,-1,18,10,-40,-32,-24,3,24,47,-20,-20,6,-38,28,-8,-74
9,7,-27,-4,5,-61,3,-10,4,7,-53,-36,-25,-2,14,29,-26,-28,-7,-36,15,-13,-68
2,-1,-21,-10,-1,-73,-4,-29,-15,0,-67,-40,-30,-1,2,3,-36,-36,-23,-39,1,-21,-55
-6,-13,-18,-26,-15,-85,-18,-55,-38,-13,-80,-46,-40,3,-9,-27,-50,-45,-42,-47,-15,-33,-40
-10,-24,-18,-46,-29,-91,-33,-76,-60,-28,-86,-51,-50,12,-16,-52,-61,-51,-60,-54,-29,-46,-26
-4,-26,-16,-62,-38,-85,-39,-86,-73,-38,-78,-51,-54,24,-13,-63,-64,-48,-71,-55,-37,-58,-16
13,-15,-7,-65,-36,-62,-33,-78,-73,-36,-57,-43,-46,40,1,-54,-53,-33,-67,-45,-37,-63,-8
41,11,9,-50,-21,-25,-18,-50,-59,-20,-26,-24,-24,57,26,-30,-29,-6,-46,-22,-26,-57,0
72,43,29,-21,2,18,1,-9,-35,4,8,2,7,71,54,1,3,25,-14,10,-11,-40,10
91,65,43,10,20,53,16,28,-12,26,34,25,34,77,74,25,30,47,15,39,0,-21,22
91,70,44,31,26,70,20,48,2,37,44,37,47,71,77,33,43,52,31,52,1,-9,35
74,58,32,39,18,72,9,50,4,34,35,36,45,56,64,24,42,40,34,46,-8,-8,51
47,37,12,36,3,65,-9,40,2,20,14,27,31,35,42,4,31,21,29,28,-20,-11,68
16,17,-9,28,-12,54,-24,27,2,1,-9,13,13,15,21,-15,18,3,19,8,-27,-16,85
-8,6,-25,22,-19,45,-30,16,8,-14,-24,0,-2,2,9,-25,9,-9,11,-6,-25,-17,100
-20,7,-30,21,-15,39,-28,9,18,-18,-27,-8,-11,0,11,-25,6,-13,10,-12,-14,-12,117
-19,19,-24,27,-2,36,-17,7,32,-7,-19,-12,-16,8,24,-15,12,-12,14,-10,1,-3,141
-6,38,-13,38,14,32,0,7,45,16,-4,-13,-16,21,42,2,23,-12,23,-3,15,8,173
11,53,-2,46,27,23,14,3,51,41,12,-16,-14,32,56,17,32,-16,31,2,21,14,212
26,59,2,46,32,13,20,-6,48,60,22,-21,-11,36,61,24,37,-23,34,0,19,15,252
35,55,-4,41,33,5,20,-13,42,71,28,-21,-7,32,58,25,38,-28,36,-7,15,15,283
36,44,-18,32,30,-1,17,-17,37,74,32,-15,-3,22,50,21,37,-29,37,-17,12,18,301
28,24,-40,18,20,-10,12,-20,30,64,30,-6,-2,7,36,13,28,-32,33,-29,10,20,301
9,-3,-63,-7,3,-23,4,-28,16,43,19,0,-8,-13,15,-2,9,-39,21,-46,4,17,280
-18,-34,-80,-41,-18,-41,-6,-38,-3,16,0,2,-21,-34,-12,-18,-17,-45,3,-64,-5,9,244
-44,-61,-85,-77,-38,-60,-18,-48,-22,-10,-22,0,-33,-51,-39,-33,-46,-47,-18,-78,-15,2,199
-62,-80,-77,-105,-49,-73,-25,-54,-33,-31,-39,-3,-40,-60,-60,-44,-68,-40,-35,-81,-21,-2,150
-68,-87,-55,-117,-47,-75,-21,-51,-31,-44,-44,-2,-32,-57,-69,-46,-76,-26,-45,-73,-20,1,102
-61,-82,-27,-114,-33,-65,-7,-38,-18,-49,-38,4,-12,-45,-66,-40,-71,-8,-44,-53,-12,7,58
-51,-73,-4,-99,-16,-48,10,-20,0,-52,-31,13,13,-30,-58,-30,-59,7,-36,-31,-2,11,19
-48,-66,6,-80,-4,-30,22,-2,14,-59,-31,19,33,-21,-51,-21,-50,14,-31,-10,5,7,-10
-58,-66,1,-66,-4,-18,22,8,17,-73,-37,19,43,-25,-54,-19,-49,11,-31,3,4,-5,-32
-78,-72,-14,-61,-12,-11,8,9,11,-88,-46,15,42,-38,-65,-25,-55,3,-36,10,-4,-25,-50
-93,-74,-27,-55,-21,-3,-10,9,5,-94,-49,17,38,-50,-73,-28,-57,-2,-37,16,-11,-40,-61
-88,-60,-27,-36,-17,17,-19,19,12,-81,-39,31,43,-48,-63,-20,-42,4,-24,28,-8,-39,-65
-61,-30,-12,-2,0,48,-12,42,35,-49,-16,55,57,-28,-34,2,-10,18,5,47,9,-23,-64
-20,10,10,39,23,82,5,69,64,-8,11,81,71,2,5,29,29,34,39,65,32,-1,-58
20,46,29,74,44,108,22,91,85,27,31,94,75,31,44,55,61,40,67,73,54,17,-52
47,69,38,95,55,116,31,99,90,47,39,87,63,51,71,73,75,35,80,68,68,22,-53
53,73,30,97,52,100,26,84,74,48,32,57,35,56,80,78,66,14,76,48,68,12,-65
40,58,9,78,32,60,7,45,42,33,11,10,-5,45,67,69,37,-18,59,17,50,-13,-88
17,31,-18,46,2,10,-20,-7,3,9,-15,-41,-45,23,44,52,2,-51,36,-18,24,-41,-109
-1,6,-40,14,-27,-33,-42,-52,-29,-8,-36,-82,-70,2,23,37,-23,-72,21,-43,3,-57,-89
-9,-11,-54,-8,-45,-61,-53,-80,-45,-12,-44,-102,-74,-9,12,28,-31,-76,20,-53,-4,-55,26
-11,-19,-60,-20,-52,-77,-55,-93,-48,-5,-40,-102,-66,-13,9,20,-26,-67,27,-53,-1,-40,302
-14,-24,-62,-29,-51,-85,-50,-98,-46,3,-28,-88,-54,-14,6,9,-17,-55,33,-50,5,-23,772
-20,-33,-62,-38,-46,-92,-42,-98,-44,5,-16,-70,-44,-16,-3,-5,-14,-48,28,-51,6,-11,1395
-31,-46,-62,-49,-42,-99,-33,-98,-47,-2,-14,-54,-38,-21,-17,-20,-20,-48,11,-55,-1,-9,2037
-44,-61,-62,-63,-41,-105,-25,-99,-51,-18,-23,-45,-37,-28,-34,-34,-32,-54,-15,-63,-18,-11,2499
-57,-75,-63,-79,-44,-110,-21,-98,-57,-41,-38,-42,-41,-37,-50,-47,-46,-62,-43,-71,-38,-14,2600
-67,-87,-68,-98,-53,-113,-26,-95,-65,-67,-57,-46,-47,-45,-64,-57,-58,-69,-68,-77,-60,-16,2261
-77,-97,-81,-118,-69,-116,-37,-90,-77,-94,-75,-52,-56,-53,-76,-68,-69,-74,-86,-79,-81,-23,1562
-88,-103,-97,-135,-90,-119,-52,-83,-89,-116,-91,-57,-64,-59,-85,-79,-79,-77,-96,-76,-101,-39,718
-97,-105,-110,-146,-112,-120,-67,-76,-100,-133,-103,-63,-70,-65,-91,-88,-86,-78,-101,-72,-119,-62,-18
-100,-99,-112,-146,-128,-116,-78,-67,-108,-142,-107,-69,-69,-69,-93,-91,-89,-76,-104,-65,-133,-87,-471
-86,-81,-96,-128,-129,-101,-76,-48,-105,-134,-99,-71,-55,-65,-82,-80,-77,-64,-102,-48,-135,-102,-604
-54,-48,-62,-90,-108,-70,-58,-18,-85,-104,-76,-62,-28,-48,-53,-55,-49,-40,-88,-19,-118,-96,-513
-16,-11,-21,-40,-71,-33,-35,13,-56,-62,-48,-47,3,-25,-17,-23,-13,-14,-66,9,-90,-72,-344
14,18,14,7,-31,0,-16,36,-28,-22,-24,-31,26,-4,13,5,18,6,-40,28,-63,-42,-210
31,35,37,43,4,28,-5,50,-6,11,-4,-15,38,13,32,26,39,18,-12,39,-37,-15,-149
35,39,44,67,28,50,1,58,11,32,10,1,40,23,41,41,50,22,17,44,-14,10,-141
25,30,30,73,40,58,-1,55,21,34,13,10,31,21,37,44,46,15,39,40,1,25,-152
4,10,3,63,39,46,-11,40,22,21,7,6,14,6,21,37,31,-2,48,30,5,25,-160
-16,-7,-27,45,32,23,-23,22,19,3,0,-4,-4,-12,7,32,14,-20,46,20,7,16,-161
-26,-16,-53,29,20,-2,-29,5,14,-8,-2,-13,-20,-24,1,31,-2,-32,39,12,11,7,-157
-33,-22,-72,12,3,-27,-33,-12,1,-16,-7,-23,-37,-32,-1,29,-19,-41,23,0,13,-4,-154
-42,-31,-85,-8,-21,-55,-38,-30,-23,-23,-19,-37,-60,-38,-7,23,-38,-53,-2,-20,4,-19,-147
-53,-41,-88,-29,-47,-82,-41,-47,-54,-29,-32,-53,-84,-42,-17,13,-55,-66,-31,-43,-14,-33,-131
-62,-50,-84,-48,-71,-103,-41,-59,-82,-35,-42,-67,-103,-43,-30,-1,-64,-77,-60,-60,-33,-39,-109
-73,-61,-76,-67,-92,-118,-41,-71,-103,-45,-52,-80,-112,-46,-46,-22,-69,-87,-86,-72,-54,-39,-88
-87,-76,-70,-89,-108,-130,-46,-85,-117,-63,-65,-93,-114,-54,-66,-47,-71,-97,-106,-82,-75,-42,-74
-98,-89,-60,-107,-117,-136,-52,-96,-120,-79,-74,-100,-108,-64,-83,-67,-71,-101,-113,-86,-88,-46,-64
-97,-89,-42,-109,-116,-127,-52,-96,-111,-83,-70,-91,-93,-65,-86,-71,-63,-89,-102,-80,-84,-43,-51
-78,-75,-15,-90,-104,-101,-43,-85,-89,-71,-50,-66,-69,-53,-71,-58,-43,-58,-73,-60,-61,-32,-33
-49,-51,11,-59,-83,-65,-28,-66,-63,-47,-25,-31,-44,-29,-45,-36,-14,-22,-37,-34,-31,-14,-10
-17,-24,30,-23,-57,-31,-16,-46,-41,-18,1,5,-20,-1,-14,-14,19,8,-3,-5,-6,6,12
11,1,42,12,-29,3,-7,-24,-24,11,26,36,4,30,17,9,51,29,26,24,10,26,35
32,22,46,42,-3,35,0,-2,-11,32,44,54,26,57,41,30,78,39,46,51,19,42,58
39,30,39,55,11,55,-1,12,-5,36,47,54,37,69,48,39,89,32,51,61,16,44,79
32,24,24,52,12,57,-8,17,-4,26,35,38,34,64,40,36,80,11,43,53,4,34,98
29,23,17,48,10,52,-7,25,4,17,25,21,28,54,31,36,66,-6,37,43,-3,26,120
41,37,28,60,17,58,9,43,31,22,29,18,32,54,35,47,62,-4,44,44,7,34,150
64,65,50,88,34,77,32,70,69,43,45,28,49,64,54,66,69,16,64,57,33,54,187
89,96,71,124,57,102,53,97,103,72,66,45,70,77,80,88,79,44,91,74,63,76,230
108,124,87,157,84,124,69,121,124,103,87,61,90,90,105,110,91,71,115,90,86,91,276
111,138,92,176,104,135,75,135,127,125,101,69,100,98,121,124,98,90,126,96,96,90,322
95,130,78,168,108,123,68,125,111,127,98,62,86,92,120,119,91,89,115,78,88,69,363
65,101,45,131,91,88,52,91,80,108,80,43,48,74,101,92,68,64,81,37,65,33,403
35,64,8,78,63,40,34,42,45,79,54,17,-3,52,75,56,42,25,37,-17,34,-6,447
13,31,-17,25,32,-6,20,-4,15,51,32,-6,-49,32,51,26,23,-11,-3,-68,9,-32,500
3,8,-25,-17,5,-39,11,-38,-6,30,17,-23,-79,17,33,6,12,-35,-29,-106,-4,-41,560
-1,-4,-21,-43,-11,-57,5,-56,-22,17,8,-32,-88,8,23,-6,7,-47,-43,-127,-8,-39,625
1,-8,-9,-53,-13,-63,0,-59,-32,11,8,-32,-78,6,16,-12,5,-47,-47,-132,-9,-29,691
4,-8,5,-50,-4,-56,0,-47,-38,10,16,-23,-56,10,12,-18,5,-39,-43,-120,-12,-13,756
6,-5,19,-38,11,-36,5,-29,-36,8,27,-8,-30,14,8,-28,6,-30,-35,-95,-19,2,819
6,-2,30,-24,23,-9,15,-11,-29,2,34,9,-7,15,2,-42,6,-23,-25,-64,-27,13,874
1,-2,40,-16,30,18,24,5,-22,-8,34,24,8,10,-8,-55,2,-17,-16,-33,-33,17,919
-6,-2,49,-14,30,37,30,20,-16,-20,28,36,19,-1,-20,-61,-2,-7,-8,-6,-36,19,952
-9,0,56,-12,30,49,37,39,-7,-29,17,47,31,-13,-29,-56,-4,12,2,21,-31,26,976
-4,6,59,-4,36,55,46,62,9,-34,9,61,50,-17,-30,-36,-2,39,13,51,-15,41,989
6,13,54,6,47,55,56,84,29,-34,5,74,73,-11,-24,-7,3,69,24,81,7,58,990
12,13,38,12,53,50,60,95,43,-37,0,78,89,-3,-20,20,6,89,30,102,23,66,979
8,3,17,11,45,40,55,88,45,-47,-8,65,89,1,-20,34,4,91,29,108,29,59,951
-6,-12,0,6,25,28,41,67,36,-59,-19,40,74,1,-23,33,-3,80,24,99,26,40,906
-21,-25,-11,-1,-1,19,20,39,18,-63,-29,9,49,2,-25,22,-10,62,18,81,20,14,843
-32,-34,-19,-9,-24,10,-6,12,-3,-58,-37,-22,18,1,-26,7,-17,42,11,56,9,-13,760
-36,-36,-24,-13,-39,2,-29,-8,-19,-44,-42,-47,-13,-3,-24,-8,-20,21,3,31,-4,-32,653
-30,-28,-22,-12,-37,-4,-38,-14,-23,-26,-40,-60,-34,-9,-17,-15,-19,3,-5,14,-10,-38,523
-13,-11,-12,-4,-18,-3,-28,-4,-11,-3,-32,-57,-39,-11,-2,-8,-11,-8,-8,12,-3,-29,375
8,12,4,8,11,5,-1,17,10,18,-21,-40,-28,-7,18,10,0,-11,-5,19,17,-10,217
23,32,20,19,42,14,31,39,32,33,-11,-18,-13,-1,37,32,11,-7,1,26,40,15,56
28,43,33,27,62,18,54,51,45,37,-4,-1,-2,6,50,51,19,1,6,29,55,36,-100
29,45,38,30,69,17,60,49,45,37,0,9,-2,17,57,63,25,12,8,27,57,48,-240
28,42,39,29,62,14,50,32,32,35,3,9,-15,34,62,68,32,22,7,19,42,47,-360
28,37,38,20,44,7,27,2,11,33,4,-1,-38,49,64,63,41,24,2,2,13,33,-460
26,30,38,4,21,-2,-1,-32,-14,29,5,-17,-67,57,59,48,45,15,-8,-22,-22,8,-542
24,22,39,-15,-2,-10,-25,-60,-42,25,5,-35,-89,55,50,28,40,-2,-18,-44,-56,-20,-606
21,15,39,-30,-20,-15,-42,-74,-64,22,5,-47,-97,43,39,6,26,-21,-27,-60,-80,-44,-653
9,3,33,-42,-33,-20,-55,-76,-78,14,0,-52,-95,20,21,-16,5,-36,-38,-69,-95,-62,-691
-15,-17,18,-53,-45,-26,-67,-70,-86,-4,-13,-54,-89,-13,-6,-42,-23,-50,-57,-76,-105,-74,-724
-45,-43,0,-62,-53,-32,-77,-63,-89,-29,-32,-50,-80,-44,-38,-67,-49,-60,-77,-77,-106,-80,-750
-69,-61,-12,-66,-55,-33,-77,-50,-83,-52,-47,-37,-61,-60,-61,-83,-65,-59,-88,-66,-93,-77,-767
-77,-65,-16,-61,-47,-22,-63,-29,-65,-64,-52,-13,-29,-54,-69,-85,-65,-43,-83,-38,-62,-60,-774
-70,-56,-12,-48,-32,-4,-39,-2,-37,-64,-46,17,12,-32,-62,-73,-53,-16,-62,1,-21,-32,-773
-55,-41,-10,-31,-19,14,-15,22,-9,-59,-34,43,49,-6,-47,-54,-36,12,-32,41,19,-4,-768
-39,-28,-12,-13,-14,24,1,37,14,-51,-21,55,75,13,-28,-32,-24,35,0,74,47,15,-761
-19,-14,-15,8,-14,33,11,43,34,-38,-7,54,89,26,-8,-11,-12,53,29,93,64,26,-755
7,5,-10,35,-10,46,23,47,57,-12,10,51,98,37,17,11,5,68,58,102,78,35,-750
37,32,3,67,0,63,37,52,82,26,32,51,107,50,45,35,26,82,84,105,89,46,-742
64,60,22,96,15,78,49,57,104,68,55,51,117,62,71,60,45,90,106,102,97,60,-730
80,83,41,116,31,86,56,63,119,106,77,52,126,70,91,82,59,90,119,98,104,76,-714
84,97,55,124,43,87,56,68,126,134,94,53,130,77,104,98,70,82,123,93,110,89,-695
74,98,57,118,49,79,49,68,125,145,104,50,124,77,104,103,76,66,117,85,112,94,-679
47,79,44,92,45,60,36,58,112,133,100,36,103,64,88,91,71,43,98,68,103,82,-669
13,41,21,52,32,31,19,37,88,102,82,11,70,40,55,60,55,13,67,43,85,57,-665
-18,-2,-4,10,14,0,6,10,60,64,56,-16,37,9,15,17,32,-14,29,16,60,25,-659
-36,-36,-23,-25,0,-23,1,-14,33,30,35,-36,14,-18,-21,-22,9,-29,-5,-7,33,-2,-648
-38,-54,-33,-46,-4,-35,2,-31,10,5,24,-46,4,-36,-44,-49,-9,-33,-29,-24,7,-20,-631
-28,-56,-35,-54,-3,-36,6,-40,-8,-9,25,-46,1,-43,-53,-63,-20,-29,-42,-35,-17,-30,-612
-13,-47,-29,-55,-1,-28,11,-45,-20,-13,32,-38,-1,-38,-51,-66,-25,-19,-49,-42,-35,-35,-594
0,-31,-19,-50,-2,-14,17,-46,-26,-11,42,-25,-3,-25,-41,-61,-23,-7,-49,-45,-44,-38,-581
4,-17,-9,-45,-4,1,20,-43,-30,-10,45,-15,-9,-13,-30,-54,-16,4,-47,-47,-46,-39,-572
-2,-13,-1,-45,-14,9,17,-39,-36,-16,32,-12,-22,-8,-24,-51,-10,7,-48,-54,-48,-42,-565
-14,-18,7,-49,-30,11,8,-35,-45,-29,8,-17,-39,-12,-24,-51,-6,5,-53,-63,-53,-48,-556
-23,-22,14,-51,-46,12,-3,-27,-54,-40,-18,-22,-48,-18,-24,-49,-2,3,-56,-67,-56,-54,-544
-24,-20,17,-47,-54,17,-12,-15,-59,-45,-37,-22,-48,-22,-22,-42,4,6,-53,-63,-56,-59,-529
-20,-13,16,-37,-51,25,-16,1,-58,-41,-46,-18,-41,-23,-17,-32,11,12,-46,-50,-52,-60,-514
-13,-3,14,-22,-42,33,-16,17,-46,-31,-43,-10,-31,-20,-11,-22,17,19,-37,-30,-41,-52,-501
-2,8,16,2,-27,41,-9,34,-25,-15,-30,3,-17,-15,-3,-10,24,27,-22,-4,-19,-33,-487
14,23,24,34,-4,52,7,52,2,6,-11,20,2,-6,9,5,32,36,1,20,12,-1,-471
35,40,40,71,25,66,30,73,32,31,14,38,22,9,26,26,45,49,35,41,50,39,-453
60,61,62,107,56,84,54,94,63,57,42,58,41,29,49,51,60,65,73,60,87,78,-435
81,79,78,132,85,98,73,109,87,79,67,73,54,49,71,75,73,78,103,75,116,109,-419
89,88,80,139,102,101,83,107,98,88,79,78,55,60,86,93,77,81,118,80,127,120,-408
83,87,68,130,108,90,84,92,97,85,79,71,45,62,93,105,74,73,116,79,123,112,-400
70,80,51,111,103,69,78,70,89,72,71,55,32,62,95,112,68,59,101,77,110,93,-394
52,64,30,85,87,38,66,43,76,54,55,31,16,57,89,109,58,41,75,68,90,67,-387
30,40,5,50,58,-3,48,11,54,30,31,-1,-3,46,71,95,40,19,42,49,60,35,-380
8,13,-22,12,22,-47,26,-22,24,8,2,-36,-26,32,46,73,16,-3,8,23,25,0,-372
-9,-11,-44,-26,-14,-84,3,-49,-8,-8,-27,-67,-48,19,20,45,-10,-22,-24,-4,-10,-28,-361
-23,-32,-59,-61,-47,-112,-20,-71,-37,-18,-53,-89,-72,5,-6,11,-35,-40,-54,-29,-44,-47,-350
-31,-48,-65,-87,-75,-129,-42,-90,-62,-26,-72,-98,-92,-12,-28,-21,-56,-56,-79,-49,-71,-59,-340
-30,-55,-60,-101,-90,-132,-58,-103,-83,-31,-78,-94,-104,-29,-42,-46,-65,-68,-93,-60,-85,-63,-331
-20,-51,-46,-98,-89,-117,-67,-105,-95,-30,-68,-79,-101,-37,-46,-58,-61,-70,-91,-59,-82,-59,-323
-3,-37,-29,-80,-74,-86,-68,-95,-93,-23,-42,-55,-86,-34,-38,-56,-45,-59,-74,-45,-65,-48,-318
14,-20,-16,-54,-54,-49,-64,-77,-81,-14,-7,-28,-62,-24,-26,-46,-24,-39,-48,-24,-43,-35,-317
21,-10,-10,-29,-39,-18,-57,-60,-66,-5,24,-6,-39,-13,-16,-34,-5,-19,-22,-2,-27,-23,-320
16,-6,-9,-10,-36,3,-50,-46,-50,3,44,10,-20,-2,-9,-26,9,-4,-3,13,-19,-13,-324
6,-5,-6,6,-36,18,-41,-28,-32,15,55,25,-2,12,-2,-20,23,11,13,27,-14,-2,-328
1,0,4,23,-32,32,-28,-6,-11,30,63,43,23,31,9,-11,40,28,30,42,-4,11,-331
9,15,21,41,-20,47,-12,22,10,49,71,62,54,52,26,5,61,48,51,58,14,23,-333
31,41,43,63,3,69,10,53,31,69,81,80,87,74,51,32,83,68,75,80,39,36,-330
63,75,66,86,33,97,33,80,51,87,92,92,116,95,80,68,101,89,101,106,70,49,-323
88,100,79,101,55,116,49,90,63,91,95,90,126,103,100,98,103,99,114,123,92,56,-315
89,102,74,95,57,112,47,75,60,74,79,69,107,90,98,108,82,90,107,118,92,51,-312
66,80,50,69,41,88,28,42,47,41,46,33,62,61,76,99,46,69,82,92,71,36,-311
34,48,16,36,22,57,4,7,33,5,7,-3,12,31,47,81,9,46,53,57,42,24,-312
4,18,-19,4,9,28,-18,-18,23,-24,-26,-30,-26,8,21,61,-19,30,30,26,17,19,-312
-20,-5,-46,-23,4,0,-32,-30,15,-41,-47,-45,-46,-9,1,44,-35,18,15,4,0,20,-313
-34,-20,-59,-39,5,-21,-33,-35,8,-45,-54,-48,-50,-21,-10,32,-41,10,6,-8,-7,25,-312
-40,-27,-55,-43,11,-31,-22,-37,4,-37,-48,-40,-41,-25,-11,25,-38,5,1,-10,-5,33,-307
-41,-30,-42,-41,18,-33,-5,-39,1,-24,-34,-27,-27,-23,-9,16,-33,-3,-3,-8,2,41,-301
-45,-39,-33,-42,19,-34,6,-44,-4,-16,-22,-17,-18,-24,-14,1,-33,-17,-10,-10,3,41,-295
-50,-49,-32,-48,11,-37,9,-49,-7,-16,-17,-12,-14,-30,-25,-18,-37,-34,-24,-16,-5,38,-291
-49,-53,-33,-54,-2,-36,9,-47,-5,-21,-15,-10,-6,-38,-36,-34,-38,-46,-39,-18,-16,37,-283
-41,-49,-32,-59,-17,-34,9,-40,1,-27,-14,-8,6,-46,-44,-46,-38,-51,-53,-16,-29,38,-271
-32,-45,-29,-67,-37,-40,5,-34,0,-35,-20,-10,13,-57,-52,-61,-42,-51,-68,-18,-45,35,-255
-29,-45,-24,-75,-61,-52,-1,-33,-11,-45,-31,-16,13,-65,-62,-78,-50,-48,-85,-25,-62,24,-239
-23,-41,-13,-72,-75,-58,-3,-28,-21,-47,-37,-18,12,-58,-63,-87,-52,-37,-91,-29,-70,11,-224
-9,-29,3,-52,-70,-51,1,-16,-24,-36,-30,-10,17,-34,-51,-81,-40,-19,-79,-25,-64,7,-212
7,-12,11,-23,-50,-34,6,1,-21,-20,-15,1,27,-6,-31,-62,-18,-1,-54,-19,-48,10,-207
18,4,11,7,-27,-16,8,18,-13,-5,3,11,35,16,-13,-34,6,13,-27,-12,-30,14,-209
29,23,12,36,-3,5,10,34,5,8,24,19,44,32,6,-1,31,24,0,-2,-8,19,-212
46,46,20,62,22,30,19,54,34,25,50,30,57,46,29,33,56,39,28,15,19,30,-211
65,70,33,81,42,54,31,72,65,46,74,43,68,56,51,62,77,53,53,35,49,41,-205
79,88,46,94,57,73,44,87,91,66,93,56,74,65,69,84,93,67,72,56,78,51,-195
92,104,60,107,68,89,59,102,113,87,107,69,80,75,85,103,107,80,89,79,105,62,-184
104,116,72,122,78,102,76,116,129,107,116,80,88,82,98,117,118,91,104,99,127,73,-174
107,119,77,129,84,105,89,121,133,117,114,84,91,77,101,122,118,92,112,106,138,78,-169
97,109,74,125,84,95,95,113,125,113,102,79,80,60,91,114,105,81,109,98,133,72,-167
77,91,63,109,80,73,94,96,107,98,81,69,58,36,73,94,80,61,97,79,116,58,-165
58,71,46,85,73,49,88,78,85,79,59,60,32,14,53,69,51,39,81,56,93,41,-157
48,56,29,60,68,29,79,63,68,66,44,57,10,2,39,47,25,22,66,34,73,32,-145
48,50,15,43,65,19,71,56,59,62,39,63,-1,3,35,35,12,15,57,20,59,34,-134
56,50,6,35,61,18,63,56,57,66,40,71,-1,14,37,33,12,16,52,11,51,47,-127
66,52,5,33,55,22,54,56,57,70,42,72,8,27,41,35,18,19,47,3,41,59,-125
66,49,12,29,44,24,43,50,53,69,41,63,18,33,38,33,21,15,36,-11,26,63,-125
50,35,21,17,26,18,24,33,38,54,34,43,19,26,23,18,15,1,13,-32,1,52,-128
23,13,29,0,4,3,1,9,14,28,21,18,13,8,0,-7,2,-22,-19,-55,-30,28,-128
1,-6,35,-13,-9,-8,-16,-8,-6,4,12,5,9,-6,-17,-27,-10,-41,-46,-66,-53,1,-122
-3,-11,43,-10,-6,-4,-17,-5,-8,-3,14,12,19,-3,-14,-29,-11,-42,-53,-51,-53,-13,-111
7,-2,50,6,11,11,-6,15,6,3,24,34,41,15,3,-15,0,-27,-40,-12,-33,-12,-101
17,9,50,23,30,25,8,41,24,12,32,55,63,38,21,3,15,-6,-17,34,-9,-2,-99
22,19,44,38,44,33,22,61,37,18,31,66,79,58,36,20,29,14,8,75,14,12,-101
22,27,35,47,49,34,33,70,43,22,24,64,88,74,44,31,40,29,26,102,33,24,-101
14,27,25,47,38,26,33,64,38,20,12,48,84,78,42,29,43,35,31,109,41,24,-101
3,19,14,39,15,12,22,44,24,14,-3,26,66,69,31,18,38,33,22,97,38,12,-101
2,15,6,37,-6,8,11,25,13,15,-7,16,49,59,24,12,37,34,17,79,37,-1,-99
15,24,9,50,-13,23,9,23,16,29,5,27,44,59,33,25,46,45,26,71,47,2,-89
31,38,16,68,-7,49,12,30,29,50,27,51,45,64,49,47,58,60,46,69,64,17,-75
38,48,20,78,6,70,14,35,43,65,46,72,45,65,62,66,64,72,67,64,80,39,-64
37,53,19,77,21,82,15,33,55,73,60,83,43,63,68,79,62,77,84,56,95,61,-56
34,56,17,69,38,84,21,25,65,74,69,82,43,61,70,86,58,76,97,51,110,82,-50
27,51,10,52,47,72,30,10,71,69,70,67,43,55,62,79,47,65,98,44,120,90,-49
10,33,-6,23,39,43,30,-15,67,51,58,39,36,39,39,54,26,41,82,28,111,78,-52
-13,4,-27,-13,17,5,20,-41,57,23,38,6,23,15,7,21,0,6,54,4,85,51,-55
-35,-22,-44,-44,-7,-29,9,-56,48,-6,20,-15,10,-11,-22,-9,-21,-27,25,-18,55,25,-51
-47,-40,-54,-63,-22,-47,0,-54,46,-26,12,-16,3,-30,-37,-27,-31,-47,4,-32,31,11,-40
-49,-47,-55,-73,-23,-48,-7,-43,49,-35,12,-2,-3,-41,-39,-33,-32,-52,-8,-35,16,7,-27
-42,-46,-49,-76,-14,-36,-10,-27,49,-35,18,16,-7,-41,-30,-28,-27,-49,-13,-30,9,10,-16
-27,-36,-38,-75,2,-17,-5,-8,44,-29,28,33,-7,-31,-16,-17,-17,-41,-14,-15,11,18,-8
-10,-23,-28,-71,18,1,6,8,32,-23,37,41,0,-17,-3,-8,-8,-31,-13,3,15,24,-1
-1,-16,-25,-71,24,10,13,14,15,-25,35,35,10,-10,1,-8,-7,-27,-20,13,9,20,3
-1,-16,-28,-74,20,8,16,14,-2,-38,22,20,21,-14,-5,-16,-16,-27,-33,10,-6,9,4
0,-14,-24,-70,16,8,21,19,-10,-49,9,8,37,-19,-11,-23,-22,-22,-39,7,-17,2,8
8,-7,-8,-52,19,15,34,32,-5,-50,4,7,59,-18,-10,-21,-20,-6,-31,10,-17,5,14
18,3,18,-27,23,26,48,44,6,-45,2,11,77,-11,-8,-17,-14,13,-16,18,-12,13,20
21,10,42,-4,22,32,54,48,13,-37,0,13,84,-2,-8,-14,-9,26,-2,27,-9,19,28
19,14,59,13,16,31,51,44,14,-30,-2,9,81,8,-11,-13,-5,32,6,35,-9,22,44
12,16,64,25,6,28,39,34,11,-24,-2,1,72,16,-11,-14,-2,33,5,40,-9,20,72
3,18,57,30,-5,21,22,19,9,-19,-1,-9,58,19,-8,-17,-3,31,-7,38,-8,11,110
-4,18,38,30,-15,14,3,5,7,-16,-2,-17,39,16,-5,-17,-6,24,-24,28,-5,-4,152
0,21,18,31,-20,8,-8,1,8,-9,-1,-19,19,11,2,-7,-7,16,-31,18,4,-18,192
18,26,4,38,-16,7,-5,8,15,5,4,-12,2,12,14,13,-2,12,-22,12,20,-24,225
42,34,0,48,-6,7,8,19,26,26,10,2,-8,16,26,36,10,12,2,9,38,-22,248
63,42,3,56,6,4,21,27,36,47,16,16,-12,22,36,56,23,13,32,6,51,-10,255
77,51,13,63,20,3,31,31,44,69,23,28,-10,28,44,71,39,17,62,2,56,9,247
86,63,33,69,39,7,41,35,52,93,36,37,-1,39,56,83,59,24,85,-3,59,34,227
92,76,57,76,59,17,51,40,59,118,53,45,11,53,73,91,79,32,97,-6,58,55,196
93,86,77,80,75,27,54,45,59,135,67,50,17,65,87,95,92,35,97,-6,52,68,152
89,86,85,76,81,31,47,46,47,137,73,48,12,67,91,90,91,29,84,-6,38,70,95
77,75,78,62,73,26,29,37,24,125,66,40,-3,57,83,73,76,13,60,-9,17,61,33
55,52,58,39,49,11,2,16,-7,98,47,23,-25,40,62,40,48,-10,25,-20,-9,39,-25
27,23,29,11,12,-8,-30,-16,-40,62,18,-1,-49,19,32,-4,13,-37,-14,-39,-36,6,-71
-2,-5,2,-13,-27,-27,-60,-45,-71,26,-10,-25,-69,-1,2,-47,-18,-61,-49,-62,-58,-32,-100
-23,-25,-17,-24,-57,-39,-78,-62,-93,1,-29,-40,-78,-12,-20,-73,-32,-74,-72,-81,-71,-66,-111
-31,-32,-26,-20,-71,-40,-79,-59,-100,-8,-35,-41,-77,-10,-29,-79,-25,-71,-76,-86,-72,-90,-107
-28,-26,-27,-5,-70,-32,-68,-42,-93,-3,-30,-30,-67,1,-26,-68,-3,-53,-66,-74,-64,-96,-97
-20,-15,-27,8,-59,-21,-53,-22,-81,9,-23,-15,-53,12,-18,-48,22,-31,-48,-53,-53,-84,-91
-16,-7,-30,12,-47,-15,-43,-14,-70,19,-20,-6,-41,16,-12,-30,38,-17,-33,-34,-44,-64,-91
-17,-6,-33,5,-42,-18,-40,-21,-64,18,-22,-9,-33,13,-11,-20,40,-15,-24,-24,-41,-45,-97
-20,-9,-33,-5,-40,-25,-42,-33,-58,8,-28,-21,-28,6,-11,-15,31,-23,-17,-20,-38,-31,-108
-21,-11,-27,-9,-40,-30,-45,-41,-48,-7,-32,-31,-24,0,-9,-7,20,-30,-6,-16,-33,-24,-122
-16,-9,-14,-4,-35,-32,-46,-41,-34,-20,-31,-37,-21,-6,-4,5,9,-30,8,-8,-25,-20,-139
-9,-4,0,5,-26,-32,-45,-33,-16,-29,-28,-40,-21,-10,-2,14,-1,-24,21,1,-17,-18,-155
-6,0,7,9,-13,-30,-43,-19,-1,-35,-28,-44,-28,-16,-5,11,-14,-16,26,9,-14,-13,-146
-10,-1,2,7,2,-30,-41,-8,8,-39,-36,-51,-40,-24,-15,-5,-29,-13,21,12,-16,-9,-59
-18,-8,-10,-2,19,-30,-36,1,12,-39,-47,-58,-53,-33,-25,-25,-44,-18,10,8,-21,-6,180
-27,-15,-20,-9,38,-28,-25,9,16,-38,-53,-60,-57,-41,-33,-40,-53,-29,0,2,-24,-2,622
-33,-18,-23,-9,58,-19,-5,21,20,-33,-47,-51,-49,-42,-32,-42,-50,-36,-1,-1,-19,8,1253
-32,-14,-18,0,73,-2,19,36,27,-25,-30,-32,-31,-36,-23,-28,-36,-34,8,4,-8,20,1959
-28,-7,-11,14,80,15,43,47,33,-18,-6,-9,-8,-28,-13,-6,-17,-25,22,14,4,33,2536
-25,-7,-9,23,75,26,57,46,33,-18,17,8,10,-24,-10,13,-1,-17,31,21,10,41,2773
-28,-18,-16,20,57,26,56,32,23,-26,27,11,15,-29,-17,18,5,-14,29,18,5,41,2562
-34,-36,-28,7,28,13,41,8,3,-39,21,4,4,-40,-30,8,3,-19,16,6,-10,32,1963
-41,-55,-40,-11,-3,-6,15,-18,-19,-52,5,-7,-15,-53,-42,-10,-5,-29,-4,-9,-29,18,1173
-46,-68,-45,-28,-31,-24,-13,-42,-39,-59,-15,-16,-34,-61,-50,-28,-15,-39,-24,-26,-47,2,437
-45,-69,-37,-36,-50,-33,-36,-55,-53,-59,-27,-17,-45,-60,-50,-39,-23,-40,-37,-40,-57,-10,-57
-36,-57,-16,-33,-58,-27,-51,-55,-60,-49,-27,-8,-45,-47,-39,-39,-24,-28,-38,-44,-54,-15,-260
-23,-38,5,-20,-59,-14,-59,-47,-58,-36,-18,7,-34,-28,-24,-29,-18,-7,-30,-37,-42,-14,-254
-14,-21,18,-4,-58,-1,-60,-38,-54,-25,-8,22,-18,-11,-13,-14,-7,13,-19,-23,-28,-10,-177
-8,-8,23,14,-57,10,-55,-26,-45,-16,4,36,0,3,-5,4,7,30,-5,-7,-13,-5,-125
-1,8,25,31,-54,17,-44,-11,-31,-4,18,47,21,14,6,25,26,45,11,12,5,4,-119
5,23,24,44,-50,18,-32,3,-15,8,30,53,39,21,14,44,45,54,25,32,19,15,-138
6,32,18,50,-47,13,-21,10,-2,15,35,49,51,22,18,58,58,56,35,46,25,23,-156
6,35,8,48,-43,8,-10,13,8,18,33,38,54,20,18,65,63,54,43,53,26,26,-163
5,33,0,38,-38,4,-1,14,16,17,24,24,50,18,18,66,60,49,49,55,24,26,-166
2,25,-11,23,-32,-3,2,12,19,10,5,8,35,14,15,60,50,39,49,54,19,24,-175
-4,14,-23,7,-23,-11,-1,9,19,2,-16,-6,18,11,11,53,36,27,45,52,13,20,-190
-1,12,-25,-2,-6,-13,0,13,25,4,-26,-9,8,15,16,52,28,19,45,54,14,21,-199
15,21,-11,1,21,-4,6,28,35,20,-17,-1,9,27,32,58,30,21,52,63,25,28,-191
33,31,8,10,43,8,13,41,43,40,0,10,14,36,46,63,35,24,57,66,35,33,-169
41,32,19,19,50,14,14,42,41,52,14,15,13,34,47,57,36,23,56,57,38,29,-141
39,25,23,30,45,17,16,35,31,57,22,13,8,22,38,43,33,18,52,39,38,17,-116
32,16,25,42,36,21,19,25,19,57,25,11,1,7,23,25,30,11,50,17,39,4,-95
21,9,25,52,29,22,22,16,8,53,24,10,-6,-5,8,10,30,3,46,-4,38,-8,-74
9,6,27,59,26,21,20,9,-3,49,22,10,-11,-10,-1,1,30,-6,37,-22,38,-15,-50
5,10,33,62,30,23,15,6,-12,49,24,13,-12,-7,-1,-2,29,-12,25,-30,39,-18,-22
8,16,39,60,33,25,3,5,-20,48,28,18,-13,2,4,-5,26,-16,8,-33,38,-20,9
12,19,38,52,28,24,-19,-1,-28,42,28,19,-18,6,8,-11,16,-18,-14,-36,31,-24,39
16,19,33,46,15,24,-43,-11,-34,33,27,19,-24,4,11,-17,2,-16,-33,-37,23,-28,70
24,21,32,52,3,30,-57,-18,-31,31,31,22,-23,0,16,-15,-5,-6,-38,-34,21,-23,103
38,30,42,72,0,47,-54,-15,-15,38,43,33,-11,3,25,-3,3,14,-24,-24,27,-8,139
57,46,61,98,8,71,-34,-2,9,56,60,50,10,15,40,18,25,39,5,-10,41,15,174
75,64,86,119,25,92,-2,16,34,79,76,69,33,36,56,41,54,61,39,8,57,39,206
86,77,106,125,44,102,30,32,54,97,85,81,52,57,66,57,79,72,67,26,70,54,237
83,76,109,111,57,96,47,38,62,100,84,80,58,66,63,56,89,71,79,36,72,52,272
64,61,91,80,59,74,44,33,58,84,70,63,49,59,47,38,78,59,72,36,61,33,311
38,38,60,47,54,45,27,23,45,53,52,38,30,38,25,12,51,43,52,27,42,7,354
13,18,31,23,45,21,8,12,30,20,35,12,12,14,4,-12,18,29,29,11,22,-15,403
-6,4,8,13,35,7,-9,5,17,-8,20,-12,-3,-8,-13,-31,-17,17,9,-7,3,-25,458
-13,-1,-5,13,29,4,-17,3,9,-26,5,-31,-11,-22,-25,-41,-46,11,-5,-21,-10,-24,516
-7,5,-5,19,35,13,-10,12,10,-27,-6,-37,-7,-24,-26,-38,-59,14,-4,-24,-13,-10,575
10,20,7,29,53,31,9,31,23,-12,-7,-28,12,-17,-15,-19,-52,26,10,-11,-2,15,634
28,36,24,38,77,52,32,50,43,12,-2,-8,38,-7,0,6,-33,42,28,9,17,41,693
41,46,37,43,97,70,50,64,64,33,5,16,62,-1,15,29,-10,57,42,30,35,59,750
51,52,45,48,111,84,63,71,84,49,16,40,77,5,30,45,12,67,48,42,49,66,809
56,54,50,51,114,91,72,70,98,58,27,57,79,12,40,51,27,68,46,43,56,63,870
53,51,49,49,101,87,73,58,100,56,32,60,66,17,42,44,29,59,34,30,52,49,928
39,41,40,40,74,70,64,38,86,41,27,47,39,17,32,25,20,42,13,5,38,25,980
22,30,26,25,43,45,49,16,56,19,14,24,8,13,16,0,4,23,-10,-24,20,-1,1024
9,20,16,11,17,18,35,-3,20,1,0,2,-16,10,0,-23,-10,10,-31,-48,6,-19,1060
7,15,16,6,3,-5,30,-14,-13,-6,-9,-8,-23,8,-9,-38,-17,6,-43,-58,-1,-23,1088
20,22,29,16,4,-14,35,-15,-30,2,-8,-2,-12,13,-6,-42,-13,15,-45,-49,2,-12,1105
45,36,49,37,19,-9,50,-4,-27,21,3,19,11,26,9,-34,2,34,-37,-28,14,10,1111
70,52,66,58,38,4,65,9,-10,43,15,44,32,41,25,-22,16,51,-27,-7,27,31,1102
87,63,73,71,51,17,76,19,11,56,21,64,48,52,35,-10,26,59,-22,9,36,43,1072
96,72,72,74,58,30,81,29,33,58,22,76,59,57,38,5,32,59,-18,25,42,46,1021
97,78,65,70,62,41,81,40,54,52,20,76,70,59,38,20,35,54,-11,41,45,46,948
90,78,52,60,60,43,77,48,67,41,14,64,77,53,32,30,35,43,-4,54,44,43,851
75,69,38,46,54,36,71,51,71,27,9,41,80,44,24,32,32,33,4,65,39,36,731
58,60,29,35,50,26,67,53,73,17,9,20,82,37,20,28,31,29,16,73,38,32,595
41,52,29,28,51,24,64,55,74,13,13,9,80,35,23,21,33,31,32,75,43,30,449
21,44,31,23,51,26,58,54,71,10,17,6,71,32,24,9,33,30,45,68,50,28,295
2,32,30,16,46,30,45,48,63,6,19,9,58,25,21,-3,26,22,52,54,53,23,139
-8,20,27,12,41,36,30,44,54,6,20,20,49,15,16,-10,16,10,54,41,56,21,-13
-7,13,21,14,38,46,19,44,49,12,25,34,47,4,13,-8,7,0,57,31,59,24,-149
-6,5,9,14,32,50,10,46,43,16,28,39,46,-8,10,-2,0,-10,56,23,57,26,-264
-7,-4,-7,9,23,43,2,40,34,15,27,30,43,-18,4,3,-8,-16,49,12,45,24,-353
-8,-11,-22,3,16,31,0,27,25,10,27,15,37,-20,-1,8,-13,-13,36,4,31,19,-418
-4,-9,-22,2,18,21,7,10,22,5,32,4,32,-11,3,16,-12,1,23,4,22,15,-465
2,0,-8,5,22,16,17,-5,22,0,42,-3,27,5,11,23,-5,18,11,7,19,13,-502
6,9,12,11,22,13,22,-15,19,-4,51,-6,20,21,18,25,0,29,2,9,17,15,-533
8,14,27,16,15,11,20,-21,11,-6,57,-7,11,33,22,20,0,32,-4,6,15,18,-559
7,13,33,19,5,10,13,-23,0,-5,59,-5,2,38,25,11,-1,25,-4,1,13,19,-577
1,9,32,19,-7,10,4,-20,-13,-2,57,-3,-3,38,27,-1,-2,9,2,-7,10,16,-583
-8,2,26,15,-18,9,-5,-17,-25,0,49,0,-4,37,24,-9,-3,-8,12,-16,3,8,-580
-13,-5,19,10,-26,8,-10,-16,-30,2,39,4,2,35,16,-10,-3,-18,22,-20,-3,-5,-574
-12,-9,16,7,-28,10,-9,-14,-27,4,30,12,15,34,6,-1,2,-14,30,-19,-2,-16,-567
-4,-8,18,8,-27,17,-2,-7,-17,7,23,22,31,35,-2,15,12,3,38,-11,6,-21,-562
8,-5,20,9,-25,25,5,5,-8,6,14,28,44,35,-9,32,22,24,45,-3,13,-17,-557
16,-2,17,7,-26,31,7,18,-3,1,3,29,52,31,-12,44,25,43,49,3,17,-8,-551
20,0,7,5,-25,36,6,30,0,-8,-7,29,56,28,-10,46,22,57,49,9,18,4,-542
18,2,-3,2,-19,38,2,39,4,-16,-13,28,57,26,-4,43,15,63,47,14,16,16,-531
9,3,-12,-2,-12,37,-7,43,6,-24,-18,24,55,23,-1,35,6,59,41,17,10,22,-521
0,5,-16,-5,-5,34,-17,44,7,-29,-21,16,50,20,-1,29,-4,49,36,18,4,23,-511
2,13,-14,-2,7,35,-21,47,11,-25,-17,12,50,20,2,29,-7,43,35,24,4,23,-498
19,29,-5,6,23,38,-18,53,18,-12,-10,12,51,27,14,36,0,44,39,34,10,23,-482
43,44,4,14,38,38,-12,56,25,2,-6,11,49,36,31,43,11,43,43,41,16,20,-463
62,55,9,18,45,33,-9,54,24,11,-9,9,38,45,49,44,19,37,41,40,18,9,-445
72,62,10,23,45,25,-5,47,19,16,-13,7,22,56,67,42,22,29,34,31,19,-3,-429
76,71,12,29,42,17,2,38,16,23,-12,9,4,71,84,39,26,27,23,21,23,-11,-417
75,81,13,33,35,8,10,25,11,31,-5,12,-14,87,97,38,30,26,11,10,24,-18,-412
68,87,6,34,18,-6,13,8,1,35,4,10,-32,97,102,35,32,21,-2,-6,20,-27,-411
67,95,-3,34,-4,-20,12,-9,-11,38,14,6,-43,103,104,33,33,18,-11,-25,12,-32,-407
79,106,-11,35,-24,-26,8,-21,-19,44,24,6,-44,111,112,33,38,18,-13,-39,9,-29,-399
92,110,-19,31,-41,-31,-1,-33,-27,48,25,2,-41,115,116,29,40,13,-16,-52,6,-26,-390
93,97,-34,14,-58,-43,-19,-52,-45,40,10,-11,-43,107,106,14,32,-6,-28,-69,-4,-30,-383
88,77,-44,-4,-68,-53,-34,-69,-63,29,-10,-22,-46,97,92,0,22,-27,-42,-80,-12,-35,-377
89,69,-39,-8,-61,-52,-34,-70,-66,29,-18,-18,-39,99,91,0,23,-35,-45,-70,-7,-30,-366
95,73,-21,-1,-40,-43,-20,-54,-54,38,-11,1,-25,110,100,13,35,-27,-39,-43,7,-18,-352
95,80,-2,8,-21,-34,-6,-31,-36,45,2,21,-11,116,106,26,45,-13,-32,-17,18,-6,-340
88,86,13,15,-8,-22,2,-6,-15,46,14,37,2,116,104,34,52,4,-25,2,23,4,-330
83,95,30,24,5,0,11,23,8,46,27,48,18,117,103,40,58,26,-15,18,27,16,-321
82,106,44,32,19,25,17,49,30,48,34,52,37,118,104,45,64,46,-1,33,30,31,-314
80,109,50,33,31,43,19,63,40,45,28,44,53,113,100,44,63,58,9,41,27,41,-309
74,101,48,28,38,50,15,62,39,36,11,25,62,100,90,36,54,59,12,41,19,43,-302
69,87,41,20,40,49,8,52,32,23,-10,5,64,86,80,26,37,52,10,36,10,36,-291
64,70,32,11,36,40,0,39,22,7,-31,-12,61,69,69,14,16,39,5,26,0,23,-279
53,49,20,0,25,27,-12,22,9,-14,-50,-25,50,48,54,-4,-7,18,-4,10,-12,4,-269
36,27,7,-12,9,16,-24,6,-3,-35,-63,-33,35,26,33,-23,-28,-8,-14,-5,-24,-16,-263
23,14,0,-17,2,12,-26,-2,-7,-45,-61,-31,21,12,19,-33,-36,-26,-16,-10,-29,-31,-256
18,13,0,-9,7,15,-18,2,-2,-36,-45,-20,11,11,17,-29,-28,-31,-5,-2,-24,-35,-246
17,18,6,4,20,20,-7,12,6,-16,-23,-8,1,15,22,-18,-11,-26,15,9,-12,-30,-236
16,20,14,17,30,21,2,18,7,6,-3,-1,-10,20,28,-7,6,-17,33,13,0,-23,-228
16,21,23,26,35,17,9,18,3,24,10,1,-20,25,31,-1,20,-8,44,9,7,-19,-223
17,21,29,28,34,9,11,14,-5,34,16,3,-27,29,34,-1,29,-4,49,2,9,-16,-221
20,21,30,24,25,-1,8,6,-12,33,17,6,-29,28,35,-6,32,-7,47,-9,5,-13,-220
21,21,25,13,13,-10,4,-3,-15,27,18,13,-26,22,32,-9,31,-15,42,-21,-2,-7,-220
19,20,16,-4,2,-18,-2,-12,-14,17,23,20,-20,12,27,-6,26,-23,34,-29,-7,0,-216
12,15,5,-23,-6,-25,-9,-21,-12,6,29,23,-16,0,18,1,18,-27,23,-33,-13,2,-210
5,8,0,-39,-12,-29,-17,-25,-13,-5,32,20,-16,-10,9,9,10,-26,10,-37,-22,0,-202
3,1,5,-46,-15,-27,-21,-22,-17,-13,35,13,-19,-12,3,16,6,-22,-4,-37,-33,-5,-199
7,-2,20,-41,-15,-18,-19,-11,-23,-17,36,6,-21,-7,1,21,7,-14,-16,-33,-41,-12,-201
15,-3,36,-27,-13,-4,-12,5,-28,-17,36,4,-21,2,2,21,12,-6,-26,-25,-44,-17,-207
20,-2,45,-6,-11,14,-2,21,-26,-14,38,12,-19,12,3,16,16,2,-28,-17,-41,-17,-216
19,-2,47,14,-6,33,9,32,-16,-9,42,27,-12,21,5,9,18,9,-19,-10,-31,-11,-224
12,-2,43,31,1,52,17,36,0,-3,49,44,-1,27,6,5,19,12,-3,-3,-16,-3,-227
4,-2,37,43,8,67,19,33,16,2,54,60,11,31,8,6,23,14,19,3,-2,5,-223
0,-2,34,49,13,74,16,30,27,7,58,68,17,32,12,11,30,15,44,9,7,9,-211
0,-2,36,49,14,73,8,32,30,10,58,64,17,29,15,18,41,16,65,16,10,10,-199
6,2,42,48,15,68,2,40,27,16,58,54,14,23,18,27,53,18,80,25,13,10,-189
16,10,47,50,16,64,3,54,25,25,62,43,17,19,21,38,64,28,92,37,21,14,-183
26,20,47,56,21,63,12,68,27,38,64,35,26,18,24,49,68,41,101,50,33,22,-180
30,26,37,60,30,61,25,76,29,49,61,31,37,19,23,56,61,51,104,59,43,31,-183
29,26,26,64,42,57,37,75,34,56,52,32,48,22,18,58,47,54,100,59,49,40,-190
30,24,19,68,53,52,45,69,39,58,38,38,54,27,13,59,32,55,92,51,51,47,-197
30,20,18,68,58,41,46,58,40,53,19,40,49,26,8,58,17,50,80,34,49,50,-201
27,12,20,59,55,23,39,43,35,40,-2,31,32,16,1,51,2,37,62,9,40,45,-200
21,4,24,41,42,-1,26,22,27,22,-19,12,9,-1,-7,37,-14,20,37,-17,23,32,-195
12,-4,23,18,23,-24,11,-2,19,1,-32,-14,-13,-22,-16,17,-30,2,10,-40,1,12,-184
-4,-14,12,-9,-1,-48,-4,-28,7,-20,-43,-43,-34,-44,-26,-9,-47,-18,-19,-59,-24,-10,-171
-24,-28,-6,-34,-23,-71,-18,-50,-11,-36,-53,-68,-50,-61,-37,-31,-62,-38,-46,-74,-49,-31,-160
-40,-39,-20,-49,-34,-86,-24,-59,-27,-42,-57,-76,-56,-66,-45,-42,-67,-47,-65,-75,-65,-42,-154
-43,-40,-20,-46,-31,-87,-19,-52,-35,-37,-53,-64,-48,-55,-42,-36,-58,-39,-69,-60,-64,-41,-150
-34,-35,-6,-34,-22,-76,-5,-33,-36,-28,-43,-41,-32,-34,-30,-20,-40,-22,-60,-33,-51,-31,-148
-25,-31,13,-24,-15,-63,7,-13,-36,-23,-33,-19,-18,-15,-21,-5,-25,-7,-46,-10,-38,-23,-147
-24,-38,25,-26,-14,-55,10,-1,-38,-31,-30,-6,-11,-8,-25,-2,-25,-3,-40,4,-37,-27,-146
-35,-53,26,-40,-20,-54,3,-1,-43,-50,-33,-3,-10,-16,-41,-11,-40,-9,-45,6,-47,-42,-144
-52,-70,17,-58,-25,-52,-8,-7,-44,-70,-38,-5,-11,-33,-61,-22,-60,-18,-50,2,-59,-58,-139
-68,-79,2,-74,-23,-43,-16,-10,-39,-84,-41,-7,-6,-51,-74,-28,-73,-21,-48,2,-61,-63,-132
-81,-81,-17,-85,-18,-29,-20,-10,-29,-92,-43,-7,3,-66,-81,-26,-79,-17,-41,7,-54,-56,-124
-87,-81,-39,-92,-14,-15,-21,-11,-17,-96,-49,-8,13,-79,-82,-22,-79,-10,-34,17,-42,-39,-120
-84,-78,-55,-90,-12,1,-18,-8,-3,-95,-53,-8,21,-83,-77,-16,-72,0,-26,28,-29,-17,-117
-73,-72,-61,-79,-7,17,-11,-1,10,-88,-53,-4,25,-77,-66,-10,-57,11,-15,39,-18,7,-115
-65,-68,-60,-65,-4,25,-8,3,12,-81,-50,0,20,-69,-61,-8,-45,16,-10,43,-16,24,-114
-68,-71,-59,-51,-8,24,-15,-2,0,-79,-48,-1,5,-65,-64,-12,-40,11,-15,37,-25,29,-113
-80,-77,-59,-41,-19,16,-28,-18,-20,-80,-50,-10,-17,-65,-72,-19,-43,0,-28,23,-39,20,-115
-94,-84,-63,-35,-33,5,-43,-41,-40,-81,-55,-25,-42,-70,-80,-29,-49,-16,-45,4,-54,2,-118
-103,-91,-70,-35,-48,-7,-56,-66,-58,-80,-59,-42,-67,-79,-87,-40,-59,-36,-62,-17,-64,-21,-121
-102,-93,-72,-34,-54,-17,-63,-83,-70,-74,-59,-52,-86,-87,-88,-49,-67,-52,-74,-34,-68,-42,-124
-85,-87,-61,-28,-46,-19,-57,-85,-68,-56,-48,-50,-90,-88,-78,-49,-68,-58,-73,-40,-58,-53,-124
-57,-69,-36,-14,-22,-12,-36,-65,-50,-29,-26,-33,-76,-81,-59,-38,-56,-49,-53,-32,-33,-49,-119
-29,-47,-5,3,9,-1,-11,-33,-22,-1,3,-8,-51,-72,-37,-18,-36,-31,-23,-17,-1,-30,-109
-16,-32,17,13,29,3,8,-3,3,15,22,12,-28,-71,-27,-1,-22,-14,-2,-6,23,-8,-101
-26,-36,19,6,26,-7,15,7,15,9,23,15,-20,-84,-36,0,-25,-7,-2,-7,28,7,-99
-53,-56,3,-15,2,-28,11,-3,14,-15,6,6,-26,-104,-61,-15,-45,-11,-19,-17,14,9,-100
-84,-84,-20,-42,-30,-51,1,-25,4,-48,-18,-5,-37,-124,-92,-41,-71,-21,-43,-28,-11,3,-103
-110,-111,-38,-70,-57,-69,-10,-48,-11,-78,-41,-10,-46,-135,-118,-70,-95,-31,-65,-31,-37,-5,-103
-127,-133,-45,-92,-71,-79,-17,-61,-25,-100,-56,-8,-46,-136,-134,-92,-111,-37,-78,-25,-52,-11,-101
-129,-145,-43,-104,-67,-80,-18,-60,-34,-109,-60,-1,-35,-128,-138,-101,-114,-37,-79,-12,-54,-11,-99
-119,-144,-39,-104,-49,-73,-12,-47,-33,-106,-55,10,-18,-117,-130,-95,-103,-32,-73,7,-43,-7,-98
-99,-131,-34,-94,-27,-60,-5,-27,-25,-93,-44,24,-3,-107,-114,-79,-82,-24,-65,23,-27,0,-99
-78,-110,-32,-78,-11,-42,1,-9,-15,-75,-30,35,5,-100,-96,-63,-60,-16,-57,33,-12,3,-101
-63,-89,-38,-63,-7,-25,3,4,-6,-59,-16,40,4,-99,-85,-55,-44,-13,-53,34,-6,-3,-105
-56,-71,-52,-51,-13,-9,0,8,1,-47,-6,38,-2,-102,-82,-55,-37,-15,-52,28,-8,-16,-108
-56,-58,-67,-42,-22,4,-4,9,7,-39,1,31,-10,-106,-82,-61,-36,-19,-50,20,-12,-28,-111
-60,-51,-76,-34,-29,12,-8,10,10,-34,6,17,-15,-106,-82,-70,-38,-23,-45,11,-15,-36,-114
-68,-52,-75,-29,-31,12,-11,8,6,-32,6,-3,-20,-103,-81,-79,-43,-27,-39,1,-17,-41,-118
-74,-57,-65,-27,-30,4,-14,3,-5,-33,0,-24,-24,-96,-78,-84,-50,-33,-34,-12,-20,-47,-122
-72,-62,-43,-24,-27,-6,-15,-3,-17,-29,-8,-39,-26,-84,-71,-78,-54,-36,-28,-23,-22,-52,-124
-57,-56,-12,-17,-19,-11,-12,-1,-22,-15,-10,-44,-22,-64,-56,-59,-52,-33,-17,-27,-20,-51,-122
-28,-38,22,-1,-6,-8,-1,8,-16,8,-4,-36,-15,-39,-35,-28,-40,-24,-3,-19,-10,-38,-117
7,-11,46,18,9,-1,15,22,-3,34,9,-22,-7,-13,-11,6,-24,-13,14,-5,7,-14,-111
36,14,53,34,20,2,28,31,10,51,21,-12,-5,4,6,32,-11,-9,27,9,22,12,-106
47,24,41,34,20,-5,30,27,12,45,22,-16,-14,4,9,34,-9,-19,27,13,27,27,-104
32,10,9,11,4,-29,16,6,-3,15,5,-37,-35,-15,-9,10,-24,-44,3,-1,13,19,-104
-5,-26,-35,-32,-29,-68,-13,-29,-34,-34,-29,-71,-63,-49,-47,-33,-54,-78,-41,-33,-19,-12,-104
-53,-70,-81,-83,-64,-108,-46,-68,-68,-83,-70,-103,-86,-89,-92,-81,-91,-109,-93,-70,-57,-57,-101
-95,-109,-117,-126,-90,-137,-72,-99,-93,-121,-108,-123,-100,-123,-131,-124,-123,-128,-138,-100,-90,-93,-98
-124,-137,-138,-153,-101,-151,-84,-116,-106,-143,-140,-127,-103,-145,-156,-156,-143,-133,-164,-116,-111,-111,-94
-135,-147,-141,-159,-97,-146,-80,-117,-107,-148,-158,-115,-92,-150,-161,-171,-149,-122,-168,-117,-116,-108,-88
-128,-140,-124,-146,-82,-125,-63,-105,-96,-143,-161,-93,-72,-142,-149,-170,-142,-100,-151,-101,-106,-86,-79
-111,-124,-98,-123,-64,-99,-43,-89,-79,-135,-156,-72,-50,-127,-130,-159,-129,-75,-126,-76,-91,-59,-68
-92,-107,-68,-101,-52,-79,-27,-76,-63,-130,-148,-58,-34,-114,-115,-143,-115,-55,-103,-51,-79,-38,-57
-69,-88,-37,-82,-44,-64,-16,-63,-47,-120,-133,-44,-19,-99,-101,-120,-98,-37,-86,-26,-68,-26,-45
-44,-64,-6,-62,-32,-51,-6,-45,-30,-101,-110,-26,-2,-81,-84,-94,-77,-21,-71,-1,-54,-18,-30
-23,-43,17,-45,-17,-43,4,-25,-17,-77,-84,-10,13,-62,-65,-74,-54,-11,-57,19,-40,-12,-13
-10,-27,29,-31,-2,-38,14,-6,-9,-56,-61,1,23,-45,-48,-64,-34,-10,-45,30,-27,-9,4
-1,-13,35,-17,12,-31,22,11,-3,-35,-41,9,33,-31,-29,-55,-15,-9,-35,37,-15,-6,24
6,3,35,-3,23,-19,26,23,7,-16,-28,12,39,-18,-9,-44,0,-4,-28,39,-3,-2,48
7,13,27,4,25,-8,20,23,19,-5,-25,7,33,-14,4,-35,3,-2,-24,35,4,-2,78
-2,13,4,1,17,-5,2,7,26,-7,-33,-7,10,-21,5,-33,-7,-7,-27,22,1,-11,114
-12,6,-26,-8,3,-10,-22,-18,27,-12,-43,-25,-21,-30,-3,-32,-21,-17,-33,5,-8,-28,160
-16,3,-52,-14,-4,-20,-39,-37,26,-12,-46,-39,-46,-30,-8,-29,-30,-25,-34,-7,-18,-40,216
-11,5,-64,-15,-3,-34,-41,-45,21,-5,-39,-49,-59,-18,-7,-22,-32,-28,-28,-13,-23,-44,273
-1,10,-63,-11,4,-51,-36,-48,10,2,-30,-58,-63,-2,-2,-16,-26,-29,-21,-14,-24,-39,320
8,16,-51,-4,7,-67,-28,-49,-7,8,-27,-68,-59,11,3,-13,-17,-33,-18,-13,-26,-28,347
17,19,-33,4,5,-77,-21,-54,-25,11,-31,-75,-49,16,7,-14,-8,-38,-20,-14,-28,-17,353
18,15,-19,6,-4,-81,-19,-63,-43,9,-41,-79,-42,9,5,-21,-7,-48,-28,-19,-30,-13,339
9,1,-19,-3,-19,-83,-24,-77,-57,-5,-54,-83,-42,-12,-5,-37,-18,-64,-40,-30,-34,-21,311
-9,-21,-34,-20,-37,-84,-33,-92,-67,-25,-67,-85,-48,-39,-23,-58,-38,-81,-55,-44,-39,-37,268
-27,-43,-52,-41,-51,-85,-39,-103,-71,-47,-74,-82,-55,-65,-40,-75,-61,-90,-71,-53,-44,-55,210
-43,-61,-64,-60,-58,-85,-40,-107,-67,-63,-74,-74,-59,-84,-53,-81,-83,-88,-86,-58,-47,-67,142
-53,-71,-66,-73,-58,-80,-39,-102,-60,-73,-70,-62,-59,-94,-61,-77,-98,-76,-96,-58,-48,-67,73
-57,-71,-61,-79,-54,-70,-35,-88,-51,-75,-61,-48,-51,-95,-62,-64,-103,-58,-98,-55,-49,-54,14
-55,-61,-50,-79,-47,-55,-26,-67,-41,-68,-48,-28,-33,-85,-59,-49,-94,-37,-90,-48,-47,-34,-27
-50,-47,-38,-75,-40,-40,-16,-42,-30,-57,-31,-5,-8,-69,-53,-36,-75,-15,-74,-38,-41,-13,-46
-49,-34,-33,-71,-35,-29,-10,-18,-21,-46,-16,17,14,-52,-48,-30,-56,2,-55,-26,-36,3,-46
-53,-29,-36,-70,-36,-27,-12,-1,-19,-44,-10,28,26,-37,-47,-33,-43,10,-42,-15,-33,11,-39
-60,-32,-41,-67,-42,-31,-19,2,-24,-50,-12,26,29,-25,-50,-42,-38,8,-40,-6,-34,8,-32
-66,-40,-46,-61,-47,-37,-29,-5,-34,-62,-21,11,25,-14,-55,-50,-41,-2,-46,-2,-38,-2,-31
-70,-48,-47,-54,-47,-40,-39,-16,-45,-77,-32,-13,17,-9,-56,-52,-50,-13,-56,-1,-45,-16,-37
-68,-50,-45,-46,-42,-38,-43,-23,-53,-87,-40,-37,10,-9,-53,-45,-56,-20,-62,1,-48,-25,-50
-57,-44,-40,-37,-32,-31,-39,-23,-51,-89,-44,-54,8,-14,-42,-30,-54,-19,-57,6,-43,-30,-73
-45,-31,-40,-28,-22,-21,-31,-19,-42,-84,-41,-59,7,-23,-28,-11,-45,-14,-44,12,-32,-33,-106
-38,-22,-48,-24,-17,-13,-24,-15,-30,-74,-38,-57,1,-35,-16,8,-34,-9,-28,13,-19,-38,-139
-35,-19,-59,-24,-19,-9,-20,-12,-21,-62,-36,-50,-8,-43,-9,23,-27,-6,-17,6,-9,-42,-144
-29,-17,-63,-22,-20,-3,-13,-8,-12,-47,-29,-40,-16,-39,-4,35,-23,-3,-7,-5,1,-42,-70
-18,-14,-55,-16,-16,4,-6,-5,0,-31,-19,-27,-18,-23,2,42,-21,-2,1,-15,7,-37,144
-4,-9,-39,-10,-5,6,-1,-5,8,-19,-8,-15,-17,-5,5,38,-20,-7,9,-21,8,-29,550
9,-1,-20,-8,9,3,0,-6,12,-10,0,-5,-15,9,7,26,-22,-15,16,-22,7,-18,1141
20,10,0,-8,26,-2,2,-5,14,-5,9,5,-9,19,12,12,-21,-20,24,-18,8,-2,1817
22,21,12,-8,38,-6,5,-7,17,-3,19,15,-2,26,17,-1,-17,-22,30,-12,12,15,2395
12,22,11,-10,39,-14,4,-15,15,-6,26,19,-2,24,17,-11,-14,-24,27,-10,16,27,2678
-7,10,1,-16,26,-25,-3,-31,4,-12,28,17,-9,13,10,-21,-18,-26,13,-14,14,27,2545
-27,-9,-11,-25,1,-38,-15,-48,-13,-17,28,11,-21,-2,-3,-29,-27,-26,-5,-22,6,19,2023
-41,-29,-23,-35,-27,-50,-30,-66,-31,-20,25,3,-31,-20,-19,-34,-35,-26,-20,-28,-4,6,1280
-47,-44,-33,-45,-53,-59,-47,-82,-51,-21,18,-7,-37,-36,-32,-36,-41,-28,-28,-32,-14,-13,551
-42,-48,-36,-49,-68,-62,-58,-89,-68,-16,11,-14,-33,-44,-37,-32,-40,-25,-28,-35,-19,-32,24
-23,-36,-28,-42,-66,-50,-54,-78,-72,-2,14,-14,-15,-32,-26,-16,-26,-8,-18,-34,-13,-41,-230
9,-7,-7,-17,-45,-21,-30,-52,-56,23,29,-3,13,4,0,13,3,20,1,-23,6,-34,-267
45,29,17,23,-14,16,7,-20,-24,53,49,13,38,51,36,46,43,51,19,-6,30,-17,-213
74,59,37,63,12,48,40,5,8,79,64,23,50,92,68,69,79,71,28,6,48,-3,-171
89,74,45,90,25,64,56,18,31,93,67,18,41,116,87,73,102,77,27,10,51,-2,-179
87,73,38,97,23,63,50,16,38,92,59,0,16,118,88,60,107,65,19,5,38,-15,-220
71,61,16,85,10,45,23,4,29,78,40,-28,-20,100,75,36,92,40,8,-7,11,-42,-262
51,45,-9,61,-6,23,-15,-13,8,55,19,-54,-51,68,54,13,66,10,-1,-23,-19,-73,-289
36,34,-26,38,-15,8,-49,-24,-9,33,8,-67,-66,35,36,-3,42,-12,-2,-31,-42,-95,-303
27,32,-28,23,-12,5,-69,-22,-13,15,9,-62,-65,8,23,-7,28,-22,6,-29,-48,-96,-311
18,32,-21,16,0,9,-72,-13,-4,4,13,-46,-53,-12,14,-2,26,-27,18,-22,-39,-81,-318
9,29,-8,14,15,16,-60,0,13,0,13,-29,-38,-25,6,7,31,-31,27,-16,-21,-56,-320
2,23,7,14,31,23,-38,16,31,2,8,-18,-23,-29,1,15,35,-36,33,-12,0,-31,-313
-2,15,18,13,43,26,-14,30,43,7,-1,-14,-12,-23,-3,16,32,-43,33,-13,15,-12,-297
2,9,23,9,50,23,7,39,43,14,-11,-14,-8,-10,-4,13,22,-52,26,-18,21,0,-275
17,14,28,9,55,22,25,47,35,25,-13,-6,-3,9,5,13,12,-54,18,-17,20,12,-252
42,30,35,16,58,28,38,54,27,39,-5,10,3,31,24,16,5,-48,12,-9,17,25,-230
66,48,40,24,58,32,42,54,18,50,10,28,8,50,43,17,4,-35,6,-1,11,35,-205
81,58,36,28,50,29,34,40,5,55,21,37,4,61,54,10,3,-24,-5,-1,-2,36,-176
83,55,22,25,35,14,17,12,-15,52,24,31,-10,60,52,-2,-4,-21,-21,-12,-24,25,-144
71,38,3,11,9,-12,-9,-30,-42,39,13,4,-31,45,37,-21,-20,-30,-44,-34,-57,0,-111
46,11,-19,-14,-25,-48,-39,-78,-74,15,-8,-35,-60,18,9,-46,-45,-50,-70,-64,-96,-35,-80
15,-16,-38,-42,-59,-81,-65,-123,-103,-15,-32,-73,-91,-15,-21,-70,-66,-72,-94,-93,-128,-68,-52
-13,-35,-50,-63,-86,-101,-81,-150,-119,-41,-51,-97,-117,-44,-44,-83,-75,-85,-106,-111,-145,-90,-24
-38,-44,-57,-75,-103,-108,-84,-157,-122,-62,-63,-103,-133,-65,-58,-83,-73,-88,-108,-115,-145,-98,3
-57,-48,-63,-78,-112,-105,-80,-146,-115,-76,-70,-99,-136,-76,-64,-74,-64,-82,-102,-108,-132,-97,28
-68,-49,-70,-75,-111,-97,-71,-124,-103,-86,-71,-88,-124,-76,-64,-63,-54,-69,-91,-90,-112,-88,52
-72,-49,-73,-70,-99,-89,-58,-96,-90,-91,-69,-78,-98,-68,-61,-51,-49,-53,-80,-66,-89,-75,78
-71,-47,-70,-66,-78,-85,-42,-69,-79,-95,-68,-73,-66,-58,-57,-40,-55,-39,-71,-39,-70,-60,112
-63,-44,-57,-63,-52,-80,-21,-44,-66,-98,-69,-69,-33,-51,-54,-29,-67,-28,-62,-11,-51,-42,155
-48,-35,-37,-58,-20,-64,9,-19,-45,-95,-68,-61,-3,-45,-46,-15,-73,-15,-46,17,-26,-19,202
-29,-21,-16,-49,16,-41,40,6,-16,-85,-66,-46,20,-38,-35,1,-68,-1,-22,40,2,3,251
-15,-10,-5,-41,48,-19,63,28,11,-73,-63,-32,33,-33,-25,16,-57,10,3,54,24,19,302
-3,-1,-2,-29,75,0,75,47,35,-55,-55,-17,41,-25,-12,34,-39,20,29,62,39,33,357
13,12,4,-7,100,21,80,68,59,-26,-37,-1,50,-4,8,57,-13,36,56,73,46,50,420
29,29,13,18,119,40,78,83,77,5,-15,12,58,22,31,79,15,53,79,83,44,65,488
35,38,18,33,119,46,66,80,79,23,-4,11,56,39,43,87,31,57,84,82,30,70,556
26,32,14,30,97,33,45,60,61,23,-10,-6,39,38,36,76,27,44,69,65,8,61,622
11,18,6,14,58,11,22,30,33,12,-26,-29,15,26,19,52,13,23,45,38,-9,48,683
-4,5,-3,-3,18,-11,5,2,9,1,-39,-47,-3,13,3,27,1,3,21,9,-12,38,742
-16,-5,-13,-15,-14,-27,-4,-19,-5,-5,-41,-52,-12,7,-5,7,-2,-8,4,-19,-2,33,801
-22,-8,-19,-15,-31,-32,-6,-28,-8,-1,-28,-42,-13,11,-4,1,7,-8,-1,-42,14,33,860
-18,-1,-15,-2,-33,-23,-1,-24,-1,16,-3,-15,-5,25,6,9,28,4,5,-53,32,36,916
-7,13,-2,20,-27,-4,5,-13,11,39,25,20,4,43,22,24,52,21,14,-53,47,35,964
4,25,10,37,-23,10,4,-8,14,56,45,48,5,52,32,33,69,34,17,-51,52,23,998
10,29,15,43,-28,13,-5,-16,6,62,53,61,-5,49,34,30,74,35,12,-48,47,2,1018
14,29,13,40,-38,8,-18,-28,-8,62,50,61,-17,39,32,20,73,29,5,-42,36,-17,1024
17,29,4,34,-47,0,-29,-37,-18,58,40,53,-24,29,31,12,70,20,0,-32,22,-23,1017
12,25,-15,25,-57,-12,-39,-43,-23,47,24,39,-28,17,28,5,64,9,-4,-25,4,-19,1001
-2,16,-37,12,-67,-24,-46,-42,-27,29,6,27,-27,3,18,-1,55,-2,-6,-19,-13,-9,970
-17,6,-51,1,-72,-29,-44,-27,-23,11,-7,23,-15,-9,6,-3,46,-4,-2,-8,-22,8,919
-23,3,-52,-2,-68,-23,-31,2,-9,0,-10,33,9,-13,-1,1,41,7,9,10,-17,33,843
-19,7,-39,4,-53,-6,-5,36,15,-1,-1,53,39,-7,2,10,42,30,27,35,3,63,741
-10,12,-22,15,-32,16,25,65,38,3,10,72,68,5,10,21,43,54,47,61,28,89,617
-6,12,-12,16,-13,28,45,78,52,5,11,76,85,12,13,26,37,66,57,78,45,98,475
-13,4,-17,3,0,23,47,75,52,1,-2,62,83,8,7,25,20,61,53,78,49,85,323
-26,-9,-30,-20,10,7,37,60,44,-7,-22,37,68,0,-4,21,-3,42,40,69,44,59,173
-38,-19,-43,-43,18,-13,24,42,29,-16,-39,10,46,-9,-15,18,-27,18,25,55,35,28,34
-45,-25,-51,-64,20,-30,15,22,12,-25,-50,-16,19,-17,-25,13,-46,-7,14,35,25,1,-91
-46,-29,-56,-77,15,-39,11,3,-2,-33,-54,-36,-9,-25,-30,6,-56,-27,5,11,16,-20,-203
-43,-30,-59,-78,8,-40,11,-11,-12,-39,-53,-47,-37,-31,-29,0,-58,-40,-2,-16,9,-31,-300
-40,-30,-61,-68,-1,-38,11,-19,-18,-41,-48,-51,-61,-36,-24,-8,-54,-47,-11,-39,4,-33,-380
-38,-32,-63,-53,-10,-35,5,-25,-25,-39,-41,-51,-76,-42,-20,-18,-49,-48,-22,-56,-1,-32,-442
-34,-34,-64,-39,-19,-31,-7,-25,-30,-33,-33,-46,-80,-45,-19,-28,-44,-45,-36,-64,-3,-29,-491
-27,-34,-58,-28,-27,-25,-20,-20,-32,-23,-23,-34,-70,-42,-18,-34,-40,-38,-48,-63,-1,-22,-528
-21,-32,-43,-23,-36,-18,-31,-15,-33,-13,-13,-16,-50,-36,-21,-37,-37,-31,-54,-56,3,-11,-554
-19,-33,-26,-25,-49,-13,-37,-15,-34,-8,-5,4,-27,-29,-28,-42,-38,-26,-54,-51,6,0,-569
-22,-37,-12,-30,-61,-8,-38,-19,-33,-6,-2,26,-4,-21,-37,-49,-37,-20,-50,-50,10,8,-575
-25,-39,-3,-33,-67,-5,-34,-21,-25,-3,3,53,17,-12,-39,-54,-30,-9,-38,-45,18,18,-572
-27,-38,1,-34,-65,-5,-28,-21,-13,1,9,79,36,-3,-36,-58,-17,5,-23,-32,28,27,-561
-30,-38,-6,-38,-62,-14,-26,-25,-5,0,10,92,45,0,-35,-62,-7,13,-11,-14,32,27,-547
-37,-43,-23,-48,-68,-31,-34,-35,-9,-9,0,85,44,-9,-42,-67,-5,11,-11,-1,24,14,-536
-50,-51,-44,-66,-80,-49,-52,-47,-25,-24,-18,61,33,-29,-55,-74,-12,-1,-22,4,5,-11,-529
-66,-58,-62,-82,-92,-60,-69,-53,-43,-41,-37,27,19,-53,-67,-77,-22,-17,-37,1,-16,-38,-524
-74,-57,-69,-86,-91,-57,-74,-46,-49,-48,-45,-2,15,-67,-69,-71,-26,-27,-46,0,-28,-53,-515
-64,-42,-60,-66,-70,-33,-56,-20,-32,-36,-33,-12,28,-61,-52,-52,-19,-20,-38,10,-21,-47,-499
-41,-18,-42,-32,-36,6,-21,16,1,-9,-5,-3,55,-41,-24,-27,-1,0,-15,29,4,-22,-481
-19,0,-28,-1,-4,40,16,50,36,15,23,14,78,-21,0,-5,15,18,12,47,31,7,-465
-9,5,-27,18,15,58,42,70,60,28,40,28,86,-9,9,9,21,24,34,57,50,31,-453
-11,0,-33,24,23,64,58,77,70,29,47,40,79,-4,7,14,20,20,47,58,60,45,-443
-20,-10,-39,19,25,65,63,76,70,23,46,48,64,-4,-1,11,13,11,50,53,63,48,-433
-33,-21,-43,7,23,62,60,70,63,12,38,51,40,-10,-10,0,1,-1,42,41,61,43,-423
-45,-33,-43,-8,21,53,50,60,52,0,28,46,13,-21,-22,-19,-15,-17,25,22,54,33,-413
-51,-42,-39,-20,19,38,36,46,38,-10,19,35,-12,-37,-33,-41,-35,-31,3,1,41,19,-406
-48,-45,-29,-25,18,23,23,32,24,-15,15,21,-28,-52,-41,-58,-50,-43,-20,-19,24,5,-400
-37,-41,-18,-24,18,12,11,18,8,-13,15,8,-37,-62,-45,-67,-56,-51,-36,-36,3,-6,-395
-23,-32,-10,-20,18,0,1,5,-7,-10,19,-2,-41,-65,-46,-69,-53,-60,-45,-49,-21,-15,-389
-11,-23,-2,-17,17,-12,-5,-6,-20,-7,23,-10,-39,-61,-44,-64,-43,-65,-47,-57,-45,-20,-378
1,-12,6,-15,15,-20,-6,-14,-28,-2,27,-12,-31,-48,-36,-55,-26,-64,-42,-54,-62,-22,-364
15,1,17,-12,12,-22,-3,-16,-30,7,32,-7,-19,-28,-23,-43,-8,-53,-31,-45,-68,-18,-349
26,11,27,-9,5,-19,2,-12,-30,20,35,3,-5,-6,-9,-29,9,-34,-13,-32,-63,-10,-336
32,17,34,-2,-4,-14,8,-5,-31,36,39,16,13,14,4,-16,22,-10,6,-18,-50,-1,-326
34,22,40,10,-11,-2,12,4,-30,54,45,31,32,31,18,-3,32,15,26,1,-31,6,-317
34,29,46,27,-14,16,14,14,-25,70,53,45,50,45,32,11,41,36,44,22,-8,14,-307
30,32,50,41,-17,28,13,18,-17,77,59,54,61,50,39,23,44,47,53,39,15,19,-297
19,26,48,44,-23,28,6,13,-7,69,60,53,63,44,35,29,38,44,48,42,31,17,-286
7,16,41,41,-29,23,-3,6,2,52,56,45,58,33,24,31,29,33,35,37,40,11,-276
5,12,39,43,-23,28,-4,9,19,42,56,40,55,29,20,39,29,28,29,32,49,12,-265
19,21,46,56,0,50,10,27,47,46,62,47,61,37,26,55,43,38,38,34,61,28,-256
39,37,56,74,33,80,31,53,76,58,68,63,73,51,37,71,63,54,58,44,72,49,-250
52,48,65,87,64,104,47,74,95,65,66,77,80,57,45,77,76,63,78,54,77,65,-248
53,51,70,91,87,115,54,86,102,64,55,85,76,54,47,73,77,61,90,63,77,72,-247
47,49,74,86,98,113,55,88,102,57,43,88,64,45,46,65,71,51,95,66,78,72,-245
32,39,68,70,92,96,47,79,94,42,32,85,44,29,40,52,57,34,88,60,79,66,-242
7,22,50,45,72,74,32,62,78,22,23,72,20,9,28,33,38,14,73,41,77,51,-238
-17,7,29,22,53,59,17,44,62,8,19,54,-1,-7,19,17,22,-3,59,17,71,39,-233
-33,-2,12,4,41,52,5,32,53,5,21,38,-15,-12,15,6,12,-12,50,-6,64,33,-227
-43,-11,1,-11,31,43,-4,20,43,5,23,20,-26,-12,10,-5,4,-20,40,-27,48,28,-224
-47,-24,-4,-23,19,27,-14,6,27,4,20,0,-35,-11,1,-18,-7,-31,28,-42,23,21,-222
-40,-30,1,-25,12,13,-17,-2,10,8,19,-12,-39,-5,-4,-27,-14,-35,21,-46,-2,18,-221
-20,-25,14,-14,11,10,-12,1,-2,17,24,-11,-34,7,-1,-30,-12,-28,22,-36,-20,22,-222
5,-14,25,2,11,11,-4,6,-11,24,34,-2,-26,16,5,-30,-3,-15,25,-22,-31,28,-224
27,-3,30,14,9,15,0,7,-20,26,43,8,-15,17,8,-31,6,-2,24,-10,-39,28,-226
42,5,32,20,8,24,-1,5,-24,26,52,15,-3,15,8,-29,11,9,20,-3,-43,22,-226
51,11,34,24,7,38,-2,3,-23,28,58,21,8,15,7,-22,13,18,14,2,-43,10,-227
52,15,35,26,3,51,-1,1,-18,31,60,25,15,18,6,-12,15,25,7,5,-38,-7,-228
52,19,38,28,-2,62,3,4,-11,36,59,32,25,23,9,3,20,33,2,11,-29,-26,-227
52,28,44,35,-4,76,12,13,1,45,60,43,41,32,18,22,32,49,9,20,-14,-40,-225
52,39,49,44,0,93,25,30,21,55,64,57,63,43,34,43,49,70,24,32,5,-44,-225
46,47,46,48,6,102,36,48,43,58,68,67,83,51,46,60,64,87,39,39,25,-40,-224
32,43,36,39,9,96,38,58,58,51,65,65,95,49,48,66,65,91,46,38,37,-33,-223
11,29,21,20,9,77,30,58,61,33,53,50,94,38,36,63,51,80,45,32,37,-26,-222
-11,13,9,2,8,56,19,55,56,13,35,29,83,23,17,54,30,58,40,29,28,-14,-222
-25,2,4,-7,14,39,11,52,49,-3,14,12,68,8,-2,44,12,35,37,33,20,5,-221
-32,-4,5,-11,23,24,7,49,40,-13,-4,1,53,-9,-19,32,1,14,33,39,13,24,-216
-32,-9,6,-15,32,9,5,41,29,-23,-20,-9,38,-28,-32,17,-8,-3,25,40,5,35,-209
-30,-15,1,-22,36,-6,3,31,17,-33,-31,-19,22,-47,-43,3,-18,-16,14,32,-2,36,-204
-30,-25,-11,-33,35,-22,1,17,3,-45,-38,-32,3,-63,-50,-9,-30,-28,3,17,-9,29,-201
-35,-40,-26,-48,28,-39,-4,-1,-14,-57,-41,-47,-20,-77,-56,-19,-46,-39,-5,-3,-16,19,-199
-42,-57,-40,-62,16,-54,-11,-20,-33,-68,-41,-59,-42,-84,-61,-28,-60,-47,-13,-23,-22,12,-199
-48,-69,-44,-68,4,-61,-15,-35,-46,-69,-34,-64,-56,-82,-65,-31,-65,-47,-19,-36,-25,12,-198
-50,-74,-38,-64,-5,-58,-13,-40,-48,-58,-23,-58,-56,-73,-65,-32,-59,-37,-22,-38,-24,18,-197
-49,-74,-28,-57,-13,-54,-6,-41,-43,-40,-12,-45,-49,-61,-63,-35,-49,-26,-24,-37,-24,23,-197
-49,-71,-20,-51,-24,-53,3,-41,-39,-24,-4,-31,-40,-50,-60,-41,-43,-19,-31,-39,-28,20,-200
-48,-68,-17,-44,-34,-58,11,-41,-37,-13,-1,-19,-30,-39,-56,-48,-41,-19,-39,-45,-34,10,-204
-47,-65,-19,-34,-40,-67,12,-41,-41,-5,-5,-13,-20,-30,-50,-56,-42,-22,-44,-49,-40,-3,-206
-46,-63,-25,-25,-41,-77,6,-41,-52,-5,-14,-10,-14,-22,-44,-64,-45,-29,-46,-52,-46,-14,-203
-44,-61,-32,-19,-41,-85,-5,-45,-66,-12,-25,-10,-11,-16,-40,-68,-46,-37,-52,-52,-47,-24,-197
-42,-58,-37,-17,-41,-87,-15,-47,-76,-20,-33,-10,-7,-10,-37,-65,-44,-41,-60,-46,-43,-32,-187
-38,-52,-40,-18,-41,-80,-24,-43,-78,-26,-38,-13,-5,-7,-35,-57,-38,-41,-65,-36,-40,-42,-177
-34,-43,-40,-19,-41,-65,-31,-36,-72,-30,-38,-18,-8,-9,-31,-49,-30,-41,-63,-26,-42,-52,-171
-29,-28,-34,-16,-41,-43,-33,-26,-61,-31,-31,-21,-14,-14,-27,-41,-17,-41,-53,-18,-47,-59,-171
-20,-9,-19,-1,-34,-15,-26,-8,-43,-24,-17,-19,-13,-19,-19,-32,1,-39,-33,-11,-49,-59,-172
-9,12,4,24,-19,14,-14,17,-20,-7,3,-11,-6,-20,-6,-18,25,-33,-7,-4,-43,-52,-171
3,32,30,52,0,42,-1,43,3,16,22,2,3,-15,9,0,50,-22,20,0,-30,-39,-166
17,48,54,75,18,67,15,68,23,36,37,23,10,-2,26,23,71,-7,40,1,-9,-22,-158
33,61,71,90,36,87,34,92,40,52,46,48,16,17,42,51,85,12,55,5,16,-3,-150
47,66,78,94,52,98,50,109,55,62,46,66,19,35,53,78,90,27,60,12,40,16,-145
50,58,66,81,59,92,53,110,58,59,33,67,14,41,53,90,80,33,49,16,52,26,-144
37,33,33,49,50,66,39,85,45,36,6,47,-5,28,35,78,51,25,21,6,47,21,-148
8,-5,-13,4,28,23,13,39,16,-4,-30,7,-34,-3,2,48,6,3,-17,-16,30,2,-154
-29,-47,-58,-44,-3,-29,-19,-16,-19,-48,-67,-43,-68,-44,-36,8,-44,-27,-54,-44,11,-24,-156
-66,-86,-97,-86,-35,-81,-49,-69,-51,-89,-99,-92,-100,-84,-70,-32,-90,-55,-82,-72,-8,-48,-151
-94,-116,-123,-116,-64,-122,-69,-108,-75,-119,-123,-126,-121,-113,-94,-68,-121,-75,-99,-94,-24,-64,-141
-111,-134,-135,-133,-87,-148,-76,-129,-87,-137,-136,-140,-127,-129,-108,-92,-137,-85,-104,-105,-36,-70,-128
-119,-141,-135,-141,-103,-161,-72,-135,-88,-143,-142,-139,-116,-136,-115,-103,-141,-87,-103,-104,-45,-69,-118
-122,-143,-128,-147,-112,-165,-64,-133,-84,-142,-143,-127,-93,-140,-120,-108,-139,-81,-103,-93,-52,-63,-112
-123,-141,-115,-151,-116,-164,-55,-127,-78,-140,-139,-110,-65,-140,-124,-110,-136,-67,-108,-77,-58,-56,-111
-122,-135,-95,-151,-114,-157,-43,-115,-72,-139,-128,-92,-36,-138,-127,-111,-135,-48,-116,-56,-58,-50,-110
-114,-124,-69,-140,-100,-140,-27,-94,-60,-133,-111,-69,-7,-129,-123,-108,-131,-27,-116,-28,-50,-43,-106
-95,-102,-42,-113,-73,-108,-6,-59,-37,-115,-87,-36,24,-107,-106,-96,-118,-4,-102,8,-32,-31,-95
-68,-73,-20,-75,-40,-65,15,-19,-8,-87,-58,2,52,-76,-78,-77,-93,20,-77,45,-10,-18,-80
-39,-43,-9,-37,-13,-21,25,14,15,-55,-32,33,69,-43,-50,-55,-64,36,-48,72,4,-12,-64
-12,-15,-6,-3,5,19,22,30,25,-26,-13,51,72,-16,-26,-30,-33,39,-19,85,7,-15,-51
11,8,-2,23,15,49,10,32,26,-4,-1,56,61,4,-6,-5,-2,36,5,83,2,-22,-42
22,23,6,39,16,63,-8,21,20,7,4,46,38,12,6,12,24,28,15,71,-11,-32,-39
20,28,15,46,12,63,-31,7,8,7,1,24,8,10,10,17,39,17,9,51,-31,-44,-37
8,22,16,46,5,54,-55,-4,-6,1,-9,-3,-23,1,8,14,42,4,-3,27,-50,-55,-35
-8,13,9,44,2,44,-74,-7,-16,-2,-20,-26,-46,-8,8,8,36,-6,-11,6,-59,-63,-31
-15,12,2,49,8,40,-81,0,-20,6,-22,-37,-55,-6,17,7,33,-10,-5,-6,-53,-59,-26
-3,23,6,66,23,44,-72,14,-18,30,-7,-37,-48,11,37,15,42,-7,17,-5,-32,-40,-20
23,44,19,91,41,51,-51,29,-14,63,17,-31,-35,37,61,32,58,-1,49,4,-1,-15,-15
53,64,36,114,55,54,-23,37,-7,94,43,-24,-23,63,81,51,75,4,78,12,33,9,-11
77,79,53,128,60,50,3,36,2,116,63,-17,-18,82,92,65,87,7,93,15,59,25,-6
85,79,58,124,52,36,16,22,7,122,71,-18,-23,87,90,65,85,3,86,10,68,30,-2
72,59,42,98,28,8,12,-5,-3,108,60,-32,-41,74,70,47,62,-10,58,-6,54,20,2
44,28,13,57,-7,-28,-7,-43,-24,80,36,-53,-64,47,39,14,22,-27,19,-29,25,-1,5
13,-4,-15,12,-42,-62,-29,-81,-50,46,7,-71,-82,17,8,-20,-20,-46,-18,-52,-7,-22,7
-14,-30,-37,-29,-70,-89,-50,-113,-74,12,-20,-84,-94,-11,-21,-49,-56,-64,-49,-71,-39,-38,9
-39,-52,-55,-65,-89,-113,-67,-136,-94,-21,-42,-94,-98,-38,-48,-73,-82,-80,-73,-88,-67,-49,7
-60,-68,-72,-93,-100,-130,-80,-147,-106,-51,-56,-98,-95,-59,-72,-87,-98,-90,-91,-101,-88,-55,2
-74,-76,-85,-110,-103,-136,-82,-144,-108,-71,-60,-95,-80,-70,-85,-89,-100,-93,-101,-105,-97,-56,-4
-79,-77,-88,-114,-98,-129,-73,-126,-102,-78,-57,-81,-54,-68,-85,-82,-88,-86,-102,-97,-98,-52,-6
-76,-73,-79,-105,-87,-111,-55,-99,-91,-73,-48,-58,-21,-55,-74,-73,-68,-70,-97,-74,-91,-43,-5
-64,-64,-59,-84,-72,-81,-29,-64,-72,-59,-37,-28,15,-34,-56,-59,-42,-46,-84,-40,-75,-28,2
-48,-52,-33,-56,-51,-42,1,-24,-46,-40,-26,8,49,-13,-36,-41,-15,-16,-64,0,-50,-9,16
-30,-39,-7,-30,-25,-1,29,18,-12,-23,-18,42,77,4,-17,-23,10,12,-41,39,-23,10,35
-15,-27,13,-9,4,33,52,52,24,-12,-10,67,97,11,-6,-7,27,33,-19,70,1,25,54
-6,-18,22,5,30,51,65,72,56,-10,-3,77,108,8,-3,4,33,43,-2,85,18,34,71
-7,-15,18,9,45,54,68,74,74,-19,-4,67,106,-4,-9,8,24,41,6,82,25,31,83
-16,-17,7,1,46,45,61,62,76,-38,-13,43,92,-22,-22,6,5,28,6,64,20,19,94
-28,-20,-5,-11,39,31,47,42,65,-61,-29,12,68,-40,-35,1,-17,12,1,36,4,7,111
-41,-22,-18,-22,30,16,33,24,51,-81,-45,-19,40,-52,-44,-5,-35,-3,-8,8,-17,1,138
-50,-22,-30,-30,23,4,20,14,40,-92,-55,-45,15,-53,-45,-8,-46,-11,-16,-12,-36,1,177
-47,-16,-34,-31,24,-2,11,12,34,-86,-56,-59,-3,-41,-34,-4,-47,-13,-17,-18,-46,9,223
-31,-7,-32,-24,31,-4,4,13,32,-66,-47,-60,-14,-22,-15,2,-41,-14,-12,-12,-47,17,265
-15,-3,-30,-19,32,-13,-9,8,23,-46,-39,-58,-27,-8,-3,4,-39,-21,-9,-6,-43,14,294
-10,-14,-34,-24,21,-34,-28,-9,0,-36,-37,-62,-49,-10,-6,-4,-49,-35,-12,-10,-40,-6,297
-12,-32,-39,-36,5,-57,-46,-32,-30,-34,-39,-65,-77,-25,-19,-15,-65,-49,-16,-25,-37,-33,279
-15,-49,-44,-43,-11,-74,-52,-52,-56,-34,-37,-63,-99,-44,-33,-24,-77,-55,-17,-42,-29,-52,248
-17,-59,-49,-44,-22,-83,-49,-65,-68,-34,-30,-55,-107,-60,-43,-31,-80,-55,-20,-59,-19,-58,211
-23,-63,-52,-43,-30,-83,-40,-74,-67,-35,-21,-50,-103,-71,-49,-38,-78,-51,-29,-74,-11,-53,166
-30,-63,-50,-44,-36,-75,-35,-81,-61,-37,-17,-46,-92,-73,-53,-46,-71,-46,-41,-86,-11,-44,114
-40,-63,-48,-53,-46,-67,-41,-90,-57,-45,-23,-48,-82,-75,-61,-59,-67,-46,-56,-95,-24,-38,55
-57,-69,-48,-72,-59,-67,-58,-102,-65,-64,-42,-58,-80,-81,-75,-79,-70,-53,-73,-104,-50,-43,-6
-79,-78,-49,-94,-71,-75,-78,-114,-80,-86,-66,-68,-84,-87,-89,-96,-76,-61,-85,-106,-81,-57,-59
-91,-78,-45,-103,-72,-81,-87,-114,-92,-97,-82,-68,-81,-82,-91,-100,-74,-61,-82,-91,-100,-69,-96
-84,-64,-34,-90,-60,-74,-79,-97,-90,-91,-82,-53,-63,-61,-75,-87,-57,-46,-64,-56,-101,-70,-112
-58,-37,-20,-58,-40,-51,-60,-65,-74,-70,-67,-33,-33,-31,-44,-62,-29,-22,-38,-12,-84,-62,-111
-26,-9,-3,-21,-18,-22,-41,-28,-49,-46,-47,-18,-5,-1,-13,-35,0,4,-13,28,-62,-51,-107
1,10,12,10,-2,4,-30,6,-24,-29,-33,-16,13,20,4,-16,17,20,2,50,-44,-43,-108
20,21,23,31,8,24,-25,30,0,-20,-28,-22,17,29,10,-6,22,28,8,56,-32,-39,-115
37,33,33,54,21,46,-14,52,26,-9,-20,-20,18,38,19,9,26,35,17,58,-17,-29,-124
58,55,47,86,42,74,10,78,58,14,1,-3,28,59,42,38,41,47,37,69,9,-5,-133
77,81,57,119,64,104,36,101,87,45,28,24,43,86,75,75,61,60,62,86,38,24,-142
87,102,54,139,75,123,49,110,99,72,51,44,51,103,104,107,79,66,80,96,60,46,-155
84,106,35,135,68,123,40,98,87,84,61,47,41,101,117,125,87,58,85,88,66,50,-168
63,89,2,105,44,94,9,63,52,73,53,25,8,76,108,122,76,35,71,58,52,34,-156
24,50,-39,51,8,38,-35,9,5,40,24,-15,-44,32,75,97,45,0,39,7,21,1,-71
-20,5,-72,-7,-27,-26,-73,-49,-40,-1,-11,-57,-95,-13,36,64,4,-34,2,-48,-14,-33,158
-47,-25,-82,-44,-45,-70,-83,-88,-62,-27,-34,-81,-121,-37,10,43,-27,-51,-23,-87,-36,-45,582
-48,-29,-62,-50,-37,-83,-58,-95,-55,-27,-35,-82,-112,-31,6,39,-38,-47,-29,-97,-36,-30,1190
-29,-17,-25,-38,-13,-72,-17,-80,-34,-12,-23,-70,-83,-9,13,41,-36,-32,-24,-90,-24,-2,1878
-1,1,12,-22,14,-52,21,-61,-15,6,-9,-58,-51,14,18,36,-31,-16,-21,-78,-15,21,2457
28,18,40,-9,37,-32,49,-45,-7,21,3,-48,-27,31,19,21,-25,-7,-23,-66,-12,29,2728
53,29,58,-2,49,-18,62,-36,-12,27,11,-43,-18,42,17,0,-18,-3,-30,-53,-15,22,2564
62,27,59,-7,43,-15,56,-41,-32,20,7,-47,-26,39,10,-23,-14,-6,-48,-46,-30,-1,1992
50,12,41,-22,20,-25,30,-62,-65,1,-10,-60,-48,22,-3,-45,-16,-17,-73,-48,-56,-33,1189
25,-7,12,-38,-14,-36,-7,-87,-99,-21,-31,-74,-72,-1,-16,-56,-19,-29,-97,-52,-84,-63,399
0,-19,-16,-44,-45,-37,-42,-101,-120,-36,-43,-80,-85,-17,-21,-53,-14,-31,-106,-47,-103,-77,-169
-12,-16,-31,-36,-64,-25,-68,-95,-123,-39,-40,-73,-83,-20,-16,-39,1,-17,-96,-31,-106,-75,-431
-12,-1,-31,-18,-70,-2,-82,-75,-108,-30,-24,-55,-65,-11,-4,-21,21,9,-68,-7,-95,-60,-436
0,22,-14,9,-62,26,-81,-44,-79,-12,2,-27,-34,10,13,-1,45,41,-30,27,-69,-40,-320
23,48,17,41,-43,55,-62,-4,-36,12,31,8,6,40,35,22,70,77,12,71,-32,-14,-209
48,70,54,71,-18,78,-32,37,13,37,54,41,46,69,59,47,89,109,49,112,9,14,-159
62,79,79,88,8,87,-1,66,56,50,59,63,77,83,73,67,95,126,70,135,42,38,-159
58,73,83,90,28,78,22,81,87,49,46,71,92,80,74,77,83,123,76,136,62,57,-178
42,57,69,80,44,61,39,87,108,37,27,68,94,64,65,78,61,106,73,124,70,76,-191
20,39,43,61,57,42,50,90,117,21,9,59,87,39,49,73,34,78,67,102,71,93,-194
-2,21,12,36,65,24,57,89,116,3,-5,46,75,9,26,61,4,46,59,76,67,102,-193
-18,7,-16,12,71,13,64,84,112,-11,-11,35,65,-18,4,48,-20,17,55,56,64,102,-196
-17,3,-32,0,79,15,74,83,114,-14,-5,33,63,-29,-8,44,-31,1,59,51,69,99,-200
4,11,-31,3,92,30,90,86,124,-2,15,43,68,-23,-6,54,-24,0,73,56,81,98,-197
32,25,-18,13,106,47,102,84,133,17,38,58,73,-7,6,66,-5,9,86,60,93,97,-180
51,32,-1,16,108,51,99,69,130,31,53,66,68,8,13,69,10,12,89,51,95,91,-151
53,25,8,4,90,34,77,37,107,29,54,58,46,12,12,56,11,2,76,27,80,76,-119
42,8,5,-20,56,2,43,-6,65,11,44,39,13,6,1,30,-2,-18,44,-8,49,54,-89
23,-14,-6,-49,10,-34,4,-52,11,-17,25,11,-23,-6,-15,-6,-23,-40,1,-45,6,26,-60
2,-36,-19,-77,-40,-64,-34,-95,-45,-50,3,-22,-57,-20,-32,-45,-47,-59,-44,-77,-38,-7,-29
-16,-53,-28,-94,-82,-80,-64,-124,-93,-77,-20,-51,-81,-29,-46,-72,-64,-67,-79,-95,-77,-37,0
-30,-60,-29,-96,-109,-84,-82,-138,-124,-92,-38,-70,-93,-29,-52,-85,-69,-66,-98,-98,-105,-61,26
-42,-59,-24,-88,-121,-83,-91,-142,-139,-94,-51,-76,-94,-25,-54,-87,-65,-58,-103,-92,-122,-80,48
-54,-53,-14,-78,-121,-81,-93,-135,-140,-88,-61,-72,-85,-21,-53,-83,-57,-47,-100,-82,-129,-96,70
-63,-43,-5,-67,-116,-81,-90,-116,-129,-77,-65,-62,-68,-21,-48,-74,-49,-35,-92,-70,-129,-106,94
-69,-32,0,-55,-109,-78,-86,-92,-113,-67,-64,-50,-50,-27,-43,-65,-42,-24,-82,-60,-128,-110,121
-68,-21,-2,-41,-100,-70,-83,-67,-96,-59,-59,-41,-36,-38,-39,-57,-31,-13,-73,-52,-128,-108,149
-57,-8,-4,-21,-86,-49,-77,-41,-76,-49,-47,-33,-23,-46,-31,-45,-14,-2,-58,-40,-122,-95,181
-35,10,-4,9,-64,-15,-61,-10,-49,-32,-27,-22,-9,-44,-16,-23,11,10,-35,-21,-100,-66,218
-4,31,1,44,-32,24,-33,20,-16,-7,-2,-6,8,-30,5,8,41,22,-4,7,-63,-26,262
34,57,15,82,10,65,7,50,26,27,30,20,32,-1,35,44,72,36,33,42,-11,21,314
78,90,42,117,59,106,56,82,76,69,68,56,64,44,73,81,102,59,75,81,52,71,373
115,117,71,137,99,134,97,108,122,105,99,91,94,88,107,110,121,83,112,111,110,110,431
127,123,85,128,119,136,111,112,144,116,103,106,102,111,115,115,113,92,126,114,143,125,484
107,103,73,91,114,109,95,93,137,98,77,98,87,104,94,93,80,82,116,87,145,115,532
68,68,39,42,95,66,65,61,111,58,33,75,58,77,57,57,36,61,90,45,128,96,584
18,25,-8,-9,67,20,33,24,74,7,-16,44,24,39,15,20,-10,32,53,1,101,76,641
-35,-20,-54,-54,37,-22,4,-11,33,-46,-60,7,-9,-6,-26,-15,-52,0,10,-36,66,56,704
-77,-58,-84,-87,10,-52,-15,-37,-2,-86,-91,-27,-34,-48,-57,-43,-83,-28,-30,-58,33,37,769
-95,-78,-85,-101,-9,-66,-21,-50,-23,-100,-100,-48,-42,-73,-71,-61,-96,-44,-56,-63,10,21,833
-90,-79,-62,-99,-19,-67,-15,-52,-33,-91,-93,-56,-37,-79,-71,-68,-95,-51,-65,-57,0,8,893
-75,-71,-32,-90,-26,-66,-8,-50,-38,-69,-77,-57,-30,-74,-68,-72,-88,-55,-66,-52,-4,-8,948
-59,-57,-12,-78,-33,-68,-4,-50,-43,-42,-60,-52,-25,-61,-65,-76,-79,-59,-63,-55,-6,-26,998
-46,-40,-4,-64,-35,-70,-3,-53,-49,-20,-38,-41,-20,-42,-60,-76,-65,-61,-59,-63,-11,-40,1045
-36,-25,-3,-51,-37,-68,-3,-60,-58,-9,-15,-27,-15,-20,-55,-72,-47,-61,-56,-70,-23,-51,1090
-33,-18,-8,-42,-44,-63,-9,-69,-71,-11,4,-19,-16,-2,-50,-67,-30,-61,-57,-73,-43,-60,1128
-31,-18,-13,-38,-55,-55,-23,-75,-86,-20,15,-18,-22,9,-45,-63,-15,-58,-62,-68,-68,-67,1154
-25,-18,-12,-34,-67,-40,-42,-76,-98,-28,18,-23,-28,15,-36,-60,-3,-49,-65,-54,-88,-69,1163
-15,-14,-8,-25,-76,-21,-57,-66,-102,-29,14,-29,-28,17,-22,-52,7,-36,-63,-35,-97,-66,1156
-4,-3,3,-7,-78,1,-62,-43,-91,-19,8,-32,-19,20,-2,-34,16,-18,-53,-10,-91,-59,1134
8,15,19,19,-65,26,-56,-11,-66,1,5,-30,-3,24,21,-9,26,3,-36,17,-73,-50,1096
21,35,37,45,-41,48,-44,21,-32,22,1,-27,16,25,39,13,37,20,-20,36,-52,-45,1039
34,51,52,65,-10,63,-28,47,3,38,0,-24,31,22,49,28,48,29,-5,46,-32,-42,961
49,64,63,79,25,72,-5,68,37,51,5,-19,40,21,54,37,60,32,14,50,-10,-35,859
61,70,64,82,57,75,18,85,65,61,15,-14,38,23,55,39,68,31,33,50,10,-21,736
63,66,49,72,78,67,33,91,80,63,22,-13,24,24,50,34,66,25,45,43,22,-6,594
50,53,24,52,85,51,41,84,79,56,25,-16,6,21,42,27,50,16,49,33,30,8,444
27,33,-3,25,80,27,43,67,66,40,23,-21,-10,13,30,22,25,5,47,22,36,18,294
-2,6,-26,-6,62,-1,36,40,44,16,10,-30,-23,-1,13,13,-8,-9,38,7,37,19,152
-27,-21,-41,-36,39,-29,19,6,19,-11,-8,-40,-33,-18,-7,1,-40,-24,23,-13,31,15,21
-35,-39,-44,-56,22,-47,4,-21,2,-28,-19,-41,-32,-28,-20,-8,-59,-32,12,-30,25,13,-91
-27,-42,-34,-61,14,-49,-1,-32,-2,-26,-15,-27,-17,-27,-22,-7,-58,-31,13,-37,25,20,-184
-13,-36,-20,-54,9,-41,1,-29,1,-12,-2,-7,1,-15,-18,-3,-46,-27,20,-36,28,30,-262
-5,-30,-10,-45,2,-33,3,-23,-1,1,11,8,13,-3,-16,-3,-33,-21,23,-33,27,36,-329
-7,-29,-9,-40,-11,-31,2,-21,-13,5,16,12,16,7,-19,-9,-23,-17,15,-30,22,36,-387
-18,-31,-15,-40,-27,-32,-4,-27,-30,-1,10,8,15,10,-27,-22,-19,-14,-1,-27,15,30,-436
-31,-35,-22,-46,-43,-34,-18,-40,-47,-14,-5,1,10,8,-37,-41,-19,-15,-22,-28,5,15,-476
-39,-37,-26,-51,-52,-32,-38,-51,-57,-24,-23,-1,8,6,-43,-59,-20,-13,-40,-31,-6,-3,-506
-34,-30,-20,-49,-51,-18,-54,-51,-52,-24,-30,6,15,12,-35,-63,-15,-4,-45,-26,-12,-16,-521
-18,-11,-6,-37,-39,5,-58,-36,-34,-13,-21,23,29,26,-14,-48,-2,11,-36,-14,-8,-19,-523
3,11,9,-19,-24,28,-55,-15,-13,-1,-5,40,42,39,11,-24,13,26,-18,-1,2,-16,-519
19,28,17,-1,-14,44,-50,4,1,6,10,46,46,47,29,-3,24,37,0,9,9,-12,-512
30,42,21,20,-5,56,-39,23,12,11,24,45,49,53,45,17,36,48,19,19,16,-2,-504
40,61,24,45,9,71,-19,48,27,23,41,44,59,62,62,41,53,61,42,35,26,15,-491
47,79,23,69,26,88,2,73,45,42,54,43,75,71,77,61,71,71,67,52,38,31,-477
44,87,13,85,39,99,16,92,59,61,58,39,83,73,84,72,80,72,85,62,47,38,-467
37,85,3,97,49,104,26,104,69,75,59,34,80,71,86,76,83,64,97,67,56,40,-460
36,82,2,110,59,105,37,113,81,88,63,32,72,70,91,81,86,50,105,70,69,41,-452
50,85,12,126,72,103,50,115,92,102,72,35,60,74,101,89,91,35,108,72,85,44,-440
78,93,31,140,86,96,61,107,99,117,81,39,46,83,115,93,98,22,103,70,98,44,-426
112,105,53,146,94,82,65,92,97,130,87,37,30,94,127,91,100,11,90,57,99,41,-412
137,113,66,137,89,56,61,68,81,136,86,24,9,100,132,82,91,-3,67,31,85,34,-398
142,111,62,108,68,19,47,36,46,131,72,-3,-18,96,123,63,68,-22,34,-10,55,18,-389
124,94,45,67,35,-24,24,-4,-3,111,48,-40,-50,80,100,32,36,-46,-7,-59,10,-4,-386
94,67,28,30,-1,-58,1,-42,-52,82,21,-76,-78,60,69,-3,6,-69,-47,-103,-38,-27,-385
68,44,26,11,-26,-72,-11,-67,-84,58,5,-94,-87,48,48,-28,-8,-86,-73,-127,-74,-40,-379
57,38,44,16,-30,-59,-2,-73,-91,51,8,-85,-72,53,45,-35,2,-86,-78,-123,-87,-40,-363
62,47,73,38,-15,-28,19,-64,-76,58,23,-55,-42,69,54,-30,30,-70,-67,-97,-83,-29,-344
71,59,95,57,5,2,39,-50,-54,68,39,-18,-14,83,62,-25,57,-46,-49,-62,-71,-15,-327
73,65,99,63,18,19,48,-36,-37,73,48,13,2,88,64,-25,73,-21,-34,-32,-60,-3,-316
69,65,90,59,23,24,47,-21,-27,71,52,34,8,87,60,-27,80,2,-20,-7,-48,4,-308
63,62,74,51,23,27,41,-5,-19,65,51,44,13,83,54,-30,83,25,-9,13,-36,6,-302
57,56,54,43,21,33,30,9,-10,53,45,44,19,76,46,-32,83,44,-2,27,-26,2,-296
47,47,37,35,15,42,16,19,-4,40,36,36,25,65,39,-30,82,53,1,33,-19,-9,-287
38,41,27,31,9,54,4,28,6,30,30,30,30,53,36,-20,83,55,5,35,-15,-21,-274
34,41,27,33,9,67,-1,42,20,27,29,30,36,45,37,-1,86,54,14,39,-10,-26,-257
35,44,31,38,14,75,-2,58,37,29,31,34,38,38,40,18,89,52,28,46,-2,-22,-241
39,49,39,45,23,78,1,77,54,34,34,42,39,34,42,35,89,51,44,56,10,-9,-227
45,53,53,55,35,81,13,97,72,41,37,52,45,39,46,51,89,50,65,68,31,13,-218
47,56,68,66,50,83,33,117,92,49,38,61,59,49,51,64,84,48,85,82,61,41,-214
42,55,77,70,65,82,54,127,109,54,35,65,74,56,54,70,71,46,96,91,90,68,-211
29,49,77,64,78,76,69,123,117,54,27,66,81,54,52,70,50,41,94,91,107,87,-206
14,38,70,48,86,62,75,108,115,48,17,63,76,44,45,66,25,33,81,82,111,97,-198
2,21,56,26,89,39,72,83,102,39,6,56,58,27,34,57,1,22,61,65,104,99,-187
-4,1,38,1,84,12,61,51,81,26,-5,42,31,5,18,43,-22,10,38,42,91,93,-174
-6,-22,17,-22,70,-18,44,17,54,11,-17,26,1,-18,-2,25,-40,1,19,16,77,82,-160
-11,-45,-2,-45,44,-47,25,-18,28,-6,-30,9,-22,-40,-24,5,-56,-6,6,-11,65,69,-150
-19,-62,-16,-64,14,-69,10,-45,8,-20,-40,-4,-33,-56,-43,-11,-66,-11,0,-32,58,63,-143
-22,-65,-20,-73,-9,-77,5,-59,0,-24,-41,-8,-27,-58,-52,-20,-66,-5,1,-42,54,67,-134
-18,-55,-18,-73,-18,-72,9,-61,2,-20,-31,1,-10,-50,-50,-22,-56,12,6,-38,49,75,-124
-10,-39,-10,-65,-13,-57,18,-54,6,-12,-15,15,9,-34,-41,-21,-39,33,10,-24,40,80,-117
0,-23,6,-48,0,-37,28,-39,9,-3,4,31,28,-14,-28,-16,-19,52,10,-2,30,80,-113
11,-6,29,-21,14,-12,34,-19,9,4,22,43,43,7,-11,-6,4,65,7,22,23,72,-110
22,9,54,9,22,15,32,2,6,10,36,53,56,26,3,8,24,73,5,43,21,57,-106
33,24,81,39,23,42,23,22,4,16,45,65,66,43,16,27,43,76,6,62,27,39,-104
45,40,108,69,21,71,11,42,9,24,52,78,75,59,27,52,61,77,13,77,37,23,-104
56,55,125,98,20,99,0,62,17,33,58,90,81,73,39,78,80,79,25,87,45,11,-106
64,67,125,117,21,122,-8,79,27,42,62,98,81,81,49,98,95,82,41,90,46,1,-109
62,70,112,125,23,134,-13,90,36,48,58,98,76,79,55,110,102,84,58,87,38,-8,-113
53,67,96,124,27,135,-12,100,46,49,51,90,68,70,58,114,102,82,73,81,28,-16,-116
43,64,84,121,35,128,-2,110,56,50,48,79,64,60,61,117,99,78,86,76,26,-16,-115
41,64,80,117,49,118,15,121,66,54,49,71,66,51,64,122,93,75,97,74,37,-7,-111
42,64,77,110,65,105,31,126,72,55,51,68,68,40,63,125,82,69,101,71,55,7,-105
39,57,67,95,74,84,37,122,71,47,49,62,59,23,54,122,62,56,95,64,73,19,-102
27,41,43,74,73,56,29,106,61,30,42,48,39,2,37,110,35,35,81,50,84,24,-99
8,21,11,48,60,27,13,83,45,9,31,28,15,-18,17,91,7,13,64,30,86,23,-96
-11,1,-19,23,39,4,-5,57,28,-8,20,10,-5,-33,1,71,-15,-6,50,9,82,20,-90
-22,-12,-37,6,18,-10,-12,36,17,-15,17,-2,-11,-38,-6,56,-24,-17,43,-5,77,20,-83
-18,-14,-36,2,7,-11,0,24,18,-6,28,0,-1,-26,-2,50,-17,-14,46,-5,77,28,-75
-2,-7,-19,11,6,-2,27,21,26,14,51,15,21,-4,10,51,1,0,55,4,79,42,-71
12,-2,2,19,10,5,52,16,29,31,71,32,40,18,17,49,13,15,55,12,74,50,-72
11,-8,12,14,7,0,61,3,19,34,74,37,41,27,9,34,10,21,38,7,54,43,-79
-3,-25,11,-5,-5,-20,48,-19,-5,22,61,27,22,22,-14,6,-9,16,5,-10,23,19,-88
-20,-42,4,-30,-20,-45,22,-44,-35,0,39,9,-8,8,-42,-24,-33,5,-33,-33,-13,-11,-94
-32,-54,-4,-56,-34,-65,-12,-64,-65,-25,13,-9,-38,-10,-68,-52,-53,-7,-67,-52,-48,-38,-97
-35,-58,-11,-78,-46,-77,-42,-77,-88,-47,-12,-22,-59,-26,-85,-71,-62,-17,-89,-62,-74,-56,-98
-26,-51,-17,-88,-52,-77,-56,-78,-91,-60,-28,-26,-64,-30,-86,-77,-55,-17,-92,-54,-85,-60,-98
-12,-35,-20,-85,-52,-69,-55,-66,-76,-62,-32,-21,-52,-24,-73,-70,-37,-7,-76,-28,-79,-50,-101
-3,-23,-24,-72,-50,-56,-47,-47,-51,-60,-31,-18,-29,-14,-54,-57,-15,8,-55,4,-64,-36,-108
-4,-17,-27,-53,-50,-43,-41,-27,-25,-55,-29,-18,-3,-11,-39,-41,2,22,-39,30,-45,-27,-117
-8,-13,-25,-30,-48,-26,-35,-8,1,-45,-25,-19,20,-11,-23,-23,17,35,-25,48,-21,-21,-122
-9,-4,-14,2,-37,0,-26,12,24,-29,-17,-14,38,-11,-6,1,31,45,-11,61,3,-14,-119
-5,10,3,38,-18,28,-16,31,40,-11,-10,-4,46,-7,12,25,41,47,6,67,24,-7,-110
1,27,21,69,2,54,-7,47,44,6,-4,6,43,2,26,43,44,43,21,66,38,1,-100
11,47,37,89,19,72,0,60,41,23,3,13,36,19,40,56,44,35,36,61,47,12,-92
25,67,52,99,34,84,9,74,41,40,15,19,28,41,55,66,44,32,52,59,55,27,-87
41,80,62,102,49,88,16,85,48,56,32,23,24,60,68,75,48,33,68,61,62,44,-83
55,85,66,98,60,84,17,88,58,69,49,28,22,69,75,84,53,37,79,60,70,56,-77
67,81,65,87,64,72,15,77,64,76,60,35,20,67,75,91,56,41,84,51,77,63,-68
73,68,55,72,60,52,11,52,62,75,58,42,15,55,66,90,55,41,83,35,80,61,-59
68,46,36,51,46,21,2,16,47,62,42,43,1,34,47,76,44,31,70,8,73,51,-56
49,17,10,24,23,-17,-11,-23,16,37,16,32,-19,7,18,49,21,11,45,-25,54,35,-60
24,-10,-15,-4,-3,-53,-24,-55,-20,10,-7,14,-39,-16,-12,17,-4,-10,15,-53,28,19,-69
4,-28,-31,-26,-19,-73,-27,-71,-46,-7,-16,2,-49,-28,-30,-10,-20,-22,-8,-65,5,11,-76
-2,-32,-30,-33,-20,-73,-16,-71,-53,-11,-9,1,-41,-24,-32,-25,-22,-19,-18,-57,-10,11,-79
4,-26,-16,-28,-10,-55,2,-61,-43,-6,9,11,-20,-9,-24,-28,-13,-6,-17,-39,-17,15,-74
14,-17,7,-19,-3,-32,14,-50,-29,0,24,22,3,6,-15,-28,-1,7,-14,-22,-22,13,-65
19,-11,30,-12,-4,-15,16,-45,-17,1,28,30,18,13,-11,-32,8,14,-18,-14,-27,3,-60
18,-6,47,-8,-15,-4,10,-43,-9,-2,25,32,24,13,-11,-39,13,14,-27,-15,-34,-10,-57
16,4,56,1,-28,4,2,-40,-4,-3,22,31,26,13,-9,-42,20,12,-36,-15,-39,-19,-55
18,20,55,19,-39,14,-3,-31,0,0,22,31,30,16,-2,-34,31,16,-38,-7,-37,-21,-53
29,40,50,48,-40,28,1,-13,8,11,26,34,40,27,14,-16,44,27,-29,11,-26,-16,-50
51,62,49,84,-27,48,15,10,21,31,33,42,60,46,37,10,58,45,-10,35,-6,-5,-48
76,80,52,119,0,70,31,38,38,52,37,51,79,66,60,38,69,64,15,56,19,6,-48
91,90,57,142,33,89,40,66,54,70,36,58,90,79,76,62,72,73,38,68,41,11,-51
93,91,60,148,63,99,41,88,69,81,30,60,88,78,83,80,66,69,54,71,57,13,-54
85,88,59,138,85,101,38,101,80,84,25,57,77,65,82,88,55,57,63,68,63,17,-57
69,79,50,117,91,92,30,99,82,75,18,47,59,42,74,85,39,37,67,59,58,20,-59
46,61,29,87,75,69,18,79,67,55,7,28,33,10,57,72,17,9,61,42,41,17,-63
22,37,5,55,47,38,5,48,41,31,-6,7,5,-22,36,55,-7,-20,49,22,20,8,-68
9,18,-8,32,23,10,-1,19,14,17,-9,-6,-17,-39,22,44,-23,-39,39,6,5,3,-71
9,11,-3,24,15,-8,4,4,-2,21,0,-3,-26,-36,20,41,-25,-41,34,-2,2,7,-71
18,13,10,24,21,-17,15,1,-9,37,17,11,-28,-18,26,44,-17,-31,32,-4,7,17,-65
22,14,19,23,27,-26,22,3,-12,50,29,24,-31,1,28,42,-10,-23,25,-6,9,28,-54
16,6,17,15,22,-39,19,0,-19,48,28,26,-42,8,18,27,-13,-24,9,-13,3,33,-40
-2,-14,2,-5,0,-60,4,-16,-37,27,12,13,-62,-5,-8,-5,-33,-36,-18,-32,-16,24,-28
-28,-43,-22,-34,-32,-87,-19,-46,-66,-10,-15,-10,-88,-35,-44,-49,-64,-58,-49,-59,-41,-1,-17
-52,-67,-42,-62,-63,-106,-39,-74,-92,-45,-37,-29,-107,-67,-76,-87,-94,-76,-73,-81,-62,-30,-6
-63,-76,-47,-76,-75,-105,-46,-88,-101,-63,-40,-31,-104,-86,-93,-107,-106,-76,-80,-84,-69,-47,5
-58,-70,-38,-72,-65,-81,-38,-85,-89,-63,-25,-16,-76,-85,-92,-107,-97,-55,-72,-71,-64,-49,20
-45,-58,-21,-59,-42,-45,-23,-68,-65,-54,-5,9,-36,-70,-83,-97,-73,-25,-57,-50,-54,-40,42
-35,-47,-4,-43,-20,-9,-11,-43,-40,-46,9,31,1,-49,-75,-83,-46,-1,-41,-28,-47,-26,72
-30,-38,11,-27,-4,21,-4,-13,-19,-42,13,46,29,-30,-67,-67,-21,15,-32,-6,-41,-12,110
-25,-26,25,-11,4,42,-2,16,-2,-40,10,51,47,-15,-58,-50,-1,25,-28,13,-33,-4,149
-18,-10,38,6,10,51,0,40,9,-36,2,46,58,-8,-46,-32,13,32,-28,31,-20,-5,183
-7,8,49,22,17,51,4,57,16,-29,-6,32,61,-7,-30,-15,23,38,-27,47,-4,-10,204
7,26,54,38,25,45,10,67,21,-20,-14,14,58,-6,-10,2,27,44,-25,64,9,-15,209
18,37,47,53,33,37,15,65,22,-13,-20,-6,47,-5,8,15,25,47,-25,74,15,-18,194
24,38,34,64,40,27,17,54,19,-11,-26,-26,30,-5,18,24,18,42,-25,72,12,-21,164
26,36,20,69,48,17,17,41,17,-11,-28,-38,11,-2,25,30,11,29,-16,59,5,-20,124
31,37,11,74,55,13,19,35,20,-7,-21,-39,-2,7,34,36,9,15,3,46,2,-11,78
40,45,8,78,60,13,24,36,29,3,-5,-31,-5,19,45,44,13,6,26,34,8,3,25
46,52,8,75,57,10,26,35,33,13,13,-24,-7,25,51,49,17,-1,44,22,17,13,-34
41,51,3,59,45,-1,18,26,25,16,20,-22,-16,18,46,42,13,-14,49,7,19,13,-93
28,40,-5,37,26,-19,0,9,4,12,17,-25,-35,3,32,26,-1,-34,41,-7,12,4,-145
11,22,-14,15,5,-37,-25,-12,-24,5,9,-29,-57,-13,16,7,-18,-56,25,-20,0,-7,-184
-3,4,-17,-2,-10,-50,-46,-31,-49,0,3,-27,-73,-22,2,-8,-32,-75,6,-33,-6,-17,-209
-5,-8,-10,-11,-12,-52,-55,-43,-62,4,5,-13,-73,-23,-3,-17,-32,-85,-6,-42,-2,-19,-217
6,-8,8,-10,-2,-41,-47,-42,-59,15,16,13,-58,-14,3,-18,-17,-79,-7,-45,14,-10,-213
26,1,31,-6,11,-22,-25,-30,-46,28,32,43,-33,2,15,-13,7,-58,-1,-42,36,6,-204
44,14,46,-3,21,-4,0,-15,-33,35,44,68,-6,17,23,-8,30,-32,1,-35,55,21,-198
50,20,47,-7,20,7,18,-6,-26,31,44,81,14,25,19,-9,39,-10,-3,-27,57,27,-196
43,17,35,-16,10,10,22,-4,-24,14,31,80,26,26,4,-17,33,3,-13,-17,39,24,-200
28,9,20,-24,-2,11,19,-3,-22,-9,13,72,34,24,-12,-27,19,12,-23,0,11,18,-212
14,4,12,-24,-10,17,16,1,-13,-26,-1,63,44,24,-21,-33,6,21,-29,26,-10,15,-236
1,-1,13,-18,-11,26,13,6,0,-36,-10,54,53,22,-25,-36,-2,30,-32,54,-20,12,-263
-11,-7,16,-13,-9,34,8,10,13,-44,-20,40,57,11,-29,-38,-6,36,-32,74,-21,6,-263
-17,-12,20,-7,-2,41,4,17,24,-49,-29,25,58,-7,-29,-37,-3,39,-26,86,-14,-1,-187
-15,-9,23,5,12,47,7,31,37,-46,-33,13,63,-22,-23,-28,5,41,-12,95,0,-3,28
-7,-2,24,19,31,50,16,47,51,-38,-32,5,71,-32,-11,-13,11,39,6,98,14,-3,434
4,9,24,34,54,50,30,58,64,-24,-31,-1,78,-37,4,4,14,34,22,98,24,0,1022
17,23,29,49,79,49,53,67,78,-7,-26,-4,82,-31,19,23,16,26,34,96,32,8,1690
31,39,40,66,101,49,80,74,92,10,-15,-8,80,-14,33,43,15,19,41,95,41,19,2258
40,51,51,77,116,46,102,74,101,25,-5,-16,70,8,43,59,11,12,39,91,48,30,2529
43,57,54,79,116,36,108,65,102,34,0,-32,50,26,45,67,3,2,31,80,48,36,2375
41,53,43,68,98,18,96,44,90,35,-5,-52,24,33,40,67,-6,-9,21,60,39,35,1807
31,38,15,45,65,-6,67,12,67,27,-18,-71,-3,26,31,59,-16,-22,9,34,24,24,992
14,16,-24,13,26,-33,30,-26,37,15,-35,-84,-24,8,16,46,-28,-32,-5,6,6,5,178
-9,-12,-63,-26,-13,-60,-6,-65,3,1,-54,-88,-41,-18,-6,27,-41,-43,-20,-26,-10,-16,-420
-39,-45,-94,-69,-50,-86,-36,-99,-31,-19,-72,-86,-59,-50,-38,1,-55,-55,-39,-61,-25,-35,-703
-70,-80,-109,-109,-79,-109,-54,-122,-58,-44,-85,-80,-75,-83,-74,-29,-67,-68,-60,-93,-39,-49,-710
-91,-105,-104,-137,-94,-121,-56,-125,-72,-65,-88,-69,-84,-107,-102,-57,-72,-74,-73,-114,-49,-50,-569
-95,-115,-84,-146,-93,-118,-44,-107,-68,-74,-82,-50,-78,-115,-114,-74,-66,-69,-73,-117,-53,-39,-414
-86,-111,-59,-137,-85,-99,-26,-77,-51,-76,-71,-30,-59,-110,-112,-80,-53,-51,-61,-103,-51,-22,-321
-72,-99,-39,-117,-76,-70,-11,-49,-29,-75,-60,-13,-33,-96,-102,-76,-41,-27,-44,-80,-43,-11,-295
-53,-81,-26,-90,-66,-34,1,-23,-10,-72,-51,2,-3,-74,-88,-66,-33,2,-26,-51,-30,-4,-304
-28,-53,-12,-59,-50,5,12,4,5,-61,-36,21,27,-43,-68,-48,-22,34,-2,-18,-9,6,-315
-1,-20,7,-26,-28,43,23,32,15,-42,-17,44,49,-7,-45,-27,-4,64,25,16,14,20,-318
22,8,25,3,-8,72,29,52,19,-24,2,64,58,23,-22,-10,16,84,44,41,28,32,-317
35,27,36,27,5,88,30,63,17,-12,16,74,54,43,-3,3,36,92,54,55,31,38,-317
41,40,39,48,15,96,29,70,20,-1,27,78,50,55,14,17,53,93,60,66,31,41,-317
44,51,39,65,23,97,27,73,30,7,36,78,47,60,30,32,66,88,65,77,34,42,-311
38,54,32,73,23,89,21,67,39,9,38,68,42,54,36,44,69,73,61,79,37,35,-295
21,45,18,65,15,66,8,49,40,2,26,46,28,33,28,44,57,48,47,68,33,19,-274
-2,26,-4,42,3,29,-11,24,29,-12,1,14,3,3,8,34,35,16,25,45,19,-4,-252
-24,3,-25,14,-11,-12,-31,-4,12,-25,-28,-21,-30,-27,-13,20,12,-15,2,18,0,-26,-229
-41,-16,-42,-11,-28,-50,-47,-31,-5,-34,-55,-58,-63,-49,-26,12,-9,-38,-21,-8,-20,-43,-205
-51,-28,-56,-29,-48,-80,-58,-56,-23,-38,-73,-97,-90,-61,-29,9,-27,-48,-41,-29,-37,-54,-180
-50,-31,-66,-41,-64,-103,-63,-80,-41,-36,-81,-129,-108,-60,-24,11,-45,-50,-55,-43,-49,-57,-155
-35,-23,-67,-43,-68,-116,-56,-100,-60,-24,-79,-145,-115,-47,-10,16,-57,-47,-59,-49,-53,-52,-130
-7,-3,-56,-33,-53,-116,-37,-112,-75,1,-63,-140,-108,-22,13,30,-54,-38,-51,-49,-46,-40,-108
26,24,-36,-15,-26,-106,-16,-119,-84,33,-38,-120,-93,9,41,46,-37,-26,-33,-46,-35,-25,-87
50,44,-18,1,1,-93,-4,-124,-93,61,-13,-97,-79,36,62,57,-13,-18,-15,-48,-28,-16,-65
57,50,-10,6,14,-84,-7,-128,-101,74,4,-77,-73,49,68,58,9,-19,-2,-56,-29,-18,-41
49,43,-8,3,11,-78,-19,-128,-104,72,15,-60,-71,51,61,52,26,-22,4,-65,-34,-25,-12
35,32,-6,-2,1,-70,-31,-116,-96,60,24,-43,-65,48,48,46,37,-22,5,-65,-38,-31,20
20,18,-2,-9,-8,-59,-37,-94,-83,41,28,-25,-56,42,31,34,39,-16,0,-58,-42,-36,55
5,2,0,-19,-13,-50,-38,-68,-70,14,20,-9,-46,32,9,15,28,-11,-11,-49,-49,-42,89
-7,-13,3,-27,-11,-40,-32,-42,-57,-15,6,5,-35,20,-10,-4,13,-5,-24,-36,-53,-45,125
-15,-18,8,-29,1,-24,-19,-15,-42,-39,-7,20,-18,9,-19,-16,3,5,-34,-20,-51,-43,162
-23,-20,12,-29,13,-8,-6,8,-28,-59,-18,34,-1,-5,-25,-25,-5,13,-42,-6,-46,-39,201
-36,-24,10,-33,18,4,0,25,-18,-79,-29,46,11,-24,-31,-31,-12,18,-48,3,-39,-35,244
-46,-26,11,-32,23,16,6,45,-4,-91,-32,58,26,-39,-33,-31,-14,25,-42,18,-25,-24,296
-41,-19,25,-19,38,37,23,77,23,-85,-19,77,51,-37,-25,-17,-7,41,-20,48,5,1,358
-22,0,51,5,64,65,53,119,59,-60,4,99,85,-17,-7,7,8,68,13,90,46,35,428
2,22,76,30,93,92,85,159,95,-28,27,112,117,11,15,31,23,94,46,130,85,69,500
19,36,87,46,113,107,109,182,120,-2,36,108,134,33,29,46,30,106,68,154,109,91,570
21,36,77,48,115,100,118,177,127,7,26,86,127,38,27,46,23,95,70,152,109,91,634
10,24,50,34,100,76,111,146,115,2,3,51,100,26,13,36,2,63,54,123,87,70,692
-6,7,14,10,74,43,89,98,91,-11,-28,13,62,6,-5,20,-29,25,32,77,54,39,747
-22,-13,-22,-19,42,7,59,45,61,-26,-60,-22,20,-16,-23,0,-62,-13,10,25,19,10,797
-32,-29,-51,-47,11,-30,30,-4,27,-39,-87,-49,-15,-33,-37,-18,-90,-46,-11,-20,-10,-9,840
-29,-33,-65,-63,-11,-59,13,-37,-2,-37,-98,-62,-36,-37,-36,-25,-101,-66,-25,-47,-25,-13,876
-8,-17,-60,-61,-15,-71,14,-49,-18,-17,-89,-60,-36,-20,-14,-17,-90,-69,-26,-53,-22,-1,904
32,19,-41,-43,-4,-67,29,-44,-21,19,-62,-47,-21,18,29,3,-58,-58,-16,-43,-8,21,922
82,69,-15,-15,14,-55,48,-35,-15,61,-25,-32,1,71,83,26,-14,-42,-4,-29,6,41,927
129,117,9,10,29,-43,58,-34,-11,96,9,-28,19,126,135,40,29,-27,-2,-18,8,45,915
166,156,25,27,33,-34,55,-44,-12,119,30,-34,27,174,175,39,63,-17,-12,-17,-5,33,888
188,182,33,34,25,-32,40,-57,-20,127,37,-44,22,210,203,25,87,-10,-30,-23,-30,10,844
195,195,33,37,6,-36,17,-68,-36,121,31,-52,8,231,218,5,104,-7,-50,-33,-60,-17,783
189,198,29,36,-19,-46,-11,-70,-55,105,18,-54,-11,239,223,-12,113,-12,-65,-44,-88,-44,700
186,205,29,40,-40,-48,-32,-57,-68,93,10,-46,-22,247,229,-14,122,-18,-64,-50,-99,-63,595
199,226,42,59,-45,-31,-40,-27,-63,94,15,-22,-14,269,249,4,137,-13,-41,-45,-87,-66,471
228,261,67,89,-34,2,-37,11,-44,107,32,11,7,305,279,36,159,4,-5,-28,-60,-56,332
260,298,98,123,-14,44,-28,45,-18,124,51,44,32,343,309,72,184,24,32,-6,-30,-45,182
292,334,131,157,13,90,-12,73,14,145,73,73,56,379,338,109,210,47,65,20,2,-31,36
325,370,164,193,48,139,14,101,51,173,96,102,81,412,370,147,239,77,97,52,37,-11,-97
352,397,189,221,83,181,44,127,87,198,116,125,101,434,398,179,263,107,129,83,72,14,-217
361,403,195,228,106,200,64,144,109,207,123,131,111,434,406,196,270,122,151,100,97,38,-328
351,381,178,210,112,194,67,147,114,193,114,117,109,408,389,193,253,117,158,102,110,57,-430
325,341,143,176,105,171,59,141,111,163,94,94,100,366,355,175,218,103,156,93,114,72,-519
289,293,101,137,95,137,47,132,104,126,69,74,90,316,315,145,174,88,149,81,114,84,-593
243,242,58,96,82,99,35,121,96,89,42,60,79,264,271,110,127,70,135,67,111,90,-649
190,192,18,58,65,61,26,102,83,57,16,50,64,211,225,72,80,47,111,48,105,88,-688
138,148,-16,27,48,27,20,77,69,32,-7,41,45,165,183,36,40,21,80,25,97,77,-713
94,111,-40,3,35,0,17,51,55,17,-23,32,27,130,148,6,11,-2,49,1,88,62,-726
62,80,-55,-15,22,-20,15,23,39,6,-30,19,11,106,118,-20,-9,-23,18,-20,76,46,-733
41,51,-61,-30,6,-34,12,-3,18,-3,-29,3,-3,87,91,-45,-24,-41,-11,-38,61,27,-735
33,28,-60,-40,-10,-43,12,-22,-2,-6,-21,-7,-10,75,70,-64,-30,-51,-31,-50,49,13,-734
39,20,-49,-41,-18,-42,19,-28,-12,6,-5,-2,-2,73,62,-72,-23,-45,-31,-49,46,9,-726
53,26,-31,-34,-20,-34,32,-23,-13,31,18,14,17,81,64,-70,-2,-26,-15,-37,50,15,-712
63,38,-11,-25,-23,-25,42,-15,-15,56,40,30,34,89,67,-64,23,-6,5,-25,52,23,-697
63,47,3,-17,-29,-18,40,-10,-21,73,56,39,40,93,66,-58,49,7,22,-19,47,27,-682
55,52,12,-9,-33,-11,26,-10,-29,79,64,38,36,91,63,-54,71,12,28,-15,33,25,-668
44,51,16,0,-37,-2,5,-15,-40,72,67,31,25,81,59,-53,82,11,22,-9,14,13,-654
33,46,18,7,-44,7,-20,-22,-54,55,65,18,9,64,53,-52,78,1,6,-5,-8,-8,-642
27,42,20,17,-49,18,-41,-27,-63,39,59,7,-4,49,48,-47,67,-9,-10,-1,-23,-32,-632
31,45,21,33,-45,33,-50,-25,-57,33,54,4,-6,46,51,-32,61,-10,-13,9,-25,-50,-623
44,56,23,56,-32,48,-47,-13,-38,39,53,9,0,55,59,-8,63,0,-2,20,-20,-56,-615
57,70,27,82,-14,61,-38,8,-11,52,54,15,6,72,70,20,73,16,21,28,-13,-51,-608
69,83,35,109,5,76,-26,36,20,70,58,25,9,93,83,49,86,33,49,33,-3,-34,-601
78,94,47,135,26,94,-9,67,52,90,64,39,10,111,100,75,99,50,77,36,11,-9,-590
78,99,59,151,46,106,8,92,77,105,67,52,9,119,112,93,104,57,95,38,25,13,-575
64,91,66,150,62,110,21,105,88,109,63,58,5,112,112,99,94,50,99,33,37,26,-557
42,75,67,131,73,107,31,104,86,102,54,55,1,94,100,92,70,32,94,24,48,28,-538
17,51,58,97,78,97,37,88,73,84,42,47,-4,70,77,73,39,11,81,12,56,20,-521
-7,20,40,54,74,72,35,59,56,56,26,34,-13,40,43,44,5,-8,61,1,57,9,-508
-30,-16,17,7,60,36,23,23,37,21,9,19,-29,6,4,13,-27,-22,39,-11,49,-1,-494
-46,-50,-8,-34,39,-3,7,-10,16,-12,-10,7,-48,-26,-33,-15,-53,-28,21,-23,37,-6,-476
-57,-78,-36,-66,16,-39,-8,-36,-3,-37,-25,3,-65,-55,-61,-32,-67,-31,10,-32,25,-3,-452
-67,-97,-62,-89,-4,-68,-19,-54,-21,-49,-37,5,-75,-77,-76,-42,-71,-32,5,-41,13,5,-426
-80,-108,-83,-105,-20,-86,-25,-63,-41,-53,-45,7,-75,-91,-84,-49,-68,-38,-3,-52,1,12,-403
-93,-113,-93,-119,-36,-92,-31,-69,-63,-55,-51,2,-67,-100,-89,-57,-64,-50,-18,-65,-13,11,-387
-104,-117,-92,-130,-55,-91,-38,-81,-85,-60,-54,-12,-58,-106,-95,-70,-63,-64,-41,-78,-31,0,-380
-112,-120,-81,-136,-77,-89,-47,-100,-101,-72,-54,-28,-51,-111,-103,-88,-67,-75,-69,-86,-53,-21,-379
-119,-128,-70,-142,-101,-93,-61,-125,-111,-92,-54,-46,-50,-117,-117,-112,-75,-81,-101,-93,-77,-48,-381
-130,-144,-72,-153,-128,-102,-85,-153,-123,-120,-61,-67,-59,-132,-141,-139,-89,-86,-134,-103,-105,-79,-381
-146,-163,-88,-165,-151,-111,-112,-179,-137,-148,-72,-88,-77,-153,-170,-163,-105,-91,-160,-115,-132,-110,-377
-159,-175,-103,-169,-164,-109,-131,-187,-146,-164,-79,-102,-94,-166,-189,-171,-112,-90,-169,-117,-148,-130,-371
-161,-170,-107,-156,-160,-91,-134,-167,-145,-160,-74,-104,-98,-161,-189,-157,-100,-79,-158,-101,-147,-135,-363
-154,-153,-98,-126,-143,-62,-123,-126,-133,-140,-60,-94,-91,-139,-171,-124,-76,-63,-129,-72,-134,-129,-351
-139,-129,-81,-86,-117,-32,-102,-79,-112,-110,-44,-77,-80,-109,-139,-82,-45,-44,-91,-41,-115,-121,-337
-118,-101,-61,-40,-84,-3,-76,-34,-84,-75,-31,-53,-67,-77,-101,-41,-15,-24,-49,-19,-94,-113,-322
-94,-76,-44,-1,-50,18,-51,2,-54,-42,-21,-28,-56,-53,-65,-9,10,-9,-10,-10,-74,-106,-305
-77,-59,-32,20,-26,26,-38,21,-31,-19,-19,-12,-56,-47,-42,5,21,-3,15,-18,-61,-101,-286
-70,-55,-30,17,-18,18,-41,21,-23,-14,-26,-13,-70,-64,-40,1,13,-11,22,-44,-55,-98,-270
-73,-62,-32,-1,-21,-1,-51,8,-27,-23,-35,-32,-92,-94,-56,-9,-8,-28,16,-72,-51,-94,-260
-80,-72,-36,-24,-26,-22,-56,-9,-34,-38,-39,-56,-110,-124,-77,-15,-34,-46,6,-83,-43,-85,-253
-90,-86,-43,-46,-29,-43,-54,-28,-38,-55,-39,-77,-116,-146,-99,-19,-61,-59,-3,-74,-31,-70,-249
-102,-103,-57,-64,-31,-63,-47,-48,-39,-70,-43,-90,-111,-161,-119,-25,-86,-66,-13,-56,-19,-53,-248
-113,-121,-72,-78,-30,-74,-37,-63,-35,-81,-49,-93,-96,-169,-135,-33,-104,-66,-20,-37,-7,-32,-247
-116,-134,-81,-87,-24,-74,-23,-68,-26,-83,-54,-83,-71,-169,-141,-39,-112,-60,-18,-20,3,-7,-242
-112,-140,-79,-90,-18,-66,-6,-60,-14,-77,-53,-66,-43,-161,-138,-43,-110,-47,-11,-7,12,19,-235
-107,-141,-72,-93,-14,-57,7,-46,-4,-72,-48,-45,-21,-150,-133,-46,-102,-34,-4,-6,17,40,-229
-107,-142,-70,-99,-14,-52,13,-37,-4,-72,-43,-28,-10,-142,-132,-50,-97,-27,-6,-19,17,49,-225
-113,-147,-75,-107,-18,-53,11,-37,-13,-79,-43,-17,-9,-140,-138,-59,-98,-27,-18,-36,10,44,-223
-124,-155,-84,-120,-25,-61,1,-47,-26,-92,-47,-15,-15,-143,-149,-73,-106,-31,-37,-50,-5,30,-222
-137,-167,-91,-137,-36,-74,-17,-63,-43,-111,-56,-22,-23,-151,-164,-95,-117,-37,-59,-58,-26,10,-221
-152,-183,-96,-159,-51,-91,-42,-82,-64,-135,-72,-38,-34,-165,-183,-121,-132,-47,-80,-62,-53,-16,-220
-167,-200,-96,-181,-69,-106,-67,-98,-83,-158,-87,-59,-42,-180,-200,-143,-146,-58,-97,-59,-81,-46,-217
-178,-209,-88,-194,-84,-114,-83,-103,-94,-174,-96,-76,-42,-189,-208,-151,-152,-64,-106,-50,-102,-71,-213
-185,-209,-75,-193,-94,-114,-90,-98,-94,-180,-100,-83,-34,-192,-209,-147,-151,-64,-108,-39,-109,-87,-208
-189,-203,-67,-181,-100,-110,-92,-87,-89,-182,-103,-83,-22,-195,-207,-138,-147,-61,-108,-34,-107,-96,-202
-188,-192,-63,-160,-103,-101,-90,-73,-80,-178,-103,-79,-10,-197,-201,-128,-142,-57,-106,-32,-98,-94,-196
-179,-174,-60,-130,-99,-87,-83,-52,-64,-168,-98,-70,1,-192,-188,-116,-129,-51,-96,-24,-81,-78,-190
-163,-151,-58,-98,-89,-69,-72,-29,-45,-151,-87,-58,11,-177,-166,-99,-109,-45,-77,-11,-63,-53,-185
-142,-124,-58,-71,-74,-51,-56,-8,-28,-130,-72,-46,17,-152,-139,-81,-86,-42,-51,4,-47,-29,-182
-120,-99,-62,-51,-57,-38,-38,8,-14,-105,-54,-35,17,-122,-110,-62,-62,-41,-26,15,-36,-15,-181
-103,-82,-74,-42,-45,-33,-26,10,-6,-84,-40,-33,7,-98,-88,-47,-45,-45,-11,14,-32,-14,-180
-96,-81,-96,-47,-46,-43,-27,-4,-7,-75,-36,-45,-13,-90,-81,-41,-45,-56,-11,-2,-35,-27,-179
-95,-92,-118,-59,-54,-61,-39,-29,-15,-76,-41,-64,-41,-99,-87,-45,-59,-70,-20,-26,-44,-48,-179
-94,-105,-132,-69,-59,-77,-53,-49,-21,-77,-48,-79,-68,-112,-95,-51,-77,-78,-25,-47,-51,-61,-178
-92,-114,-133,-71,-55,-82,-63,-58,-21,-76,-52,-83,-86,-120,-101,-52,-89,-76,-22,-56,-49,-58,-177
-93,-118,-120,-68,-44,-77,-63,-55,-16,-70,-54,-76,-92,-121,-103,-49,-91,-69,-12,-53,-40,-44,-178
-96,-116,-95,-65,-28,-66,-51,-46,-8,-59,-53,-60,-83,-119,-104,-44,-83,-59,0,-43,-29,-26,-179
-99,-111,-63,-64,-12,-55,-29,-34,-2,-46,-49,-43,-64,-114,-104,-44,-70,-50,7,-30,-18,-12,-175
-103,-106,-37,-68,-3,-48,-6,-26,0,-39,-45,-30,-39,-110,-106,-50,-61,-44,2,-23,-10,-2,-167
-113,-110,-24,-78,-9,-53,6,-28,-8,-45,-44,-28,-21,-114,-117,-68,-64,-43,-18,-25,-14,-2,-156
-129,-125,-30,-97,-30,-69,1,-44,-29,-70,-54,-40,-19,-130,-137,-99,-84,-52,-52,-40,-35,-15,-146
-149,-150,-52,-123,-58,-90,-20,-70,-60,-105,-74,-59,-34,-153,-162,-140,-116,-69,-94,-64,-71,-38,-140
-165,-173,-80,-145,-84,-106,-49,-97,-89,-139,-94,-78,-57,-171,-184,-176,-147,-85,-132,-88,-110,-63,-139
-169,-185,-103,-155,-101,-107,-75,-115,-105,-160,-107,-90,-76,-179,-195,-194,-165,-95,-158,-102,-136,-80,-140
-160,-182,-113,-152,-105,-95,-89,-119,-104,-162,-106,-93,-85,-177,-191,-192,-164,-96,-168,-101,-143,-88,-140
-137,-163,-106,-136,-97,-73,-87,-105,-88,-145,-91,-85,-77,-163,-175,-168,-144,-89,-160,-87,-130,-85,-138
-106,-132,-86,-109,-77,-46,-71,-74,-60,-117,-65,-65,-50,-138,-147,-127,-113,-72,-134,-62,-103,-67,-134
-74,-95,-59,-74,-51,-18,-48,-34,-26,-86,-35,-39,-13,-108,-114,-81,-78,-47,-97,-30,-70,-39,-131
-52,-63,-35,-44,-26,3,-27,3,5,-63,-14,-15,21,-84,-86,-44,-51,-24,-60,-1,-43,-11,-133
-44,-44,-18,-24,-11,13,-16,28,26,-51,-11,-1,40,-71,-68,-25,-36,-9,-30,19,-29,5,-139
-47,-37,-6,-14,-6,17,-14,39,35,-49,-23,2,44,-66,-59,-17,-31,-4,-10,28,-25,10,-146
-53,-36,1,-7,-7,20,-16,39,37,-49,-38,-3,38,-62,-53,-11,-29,-4,3,30,-24,11,-147
-60,-38,2,-4,-11,20,-17,32,35,-50,-48,-15,25,-62,-49,-2,-27,-6,7,24,-24,10,-142
-71,-47,-5,-9,-15,12,-22,16,28,-55,-56,-32,5,-70,-53,5,-30,-13,0,6,-27,2,-132
-84,-63,-20,-24,-19,-4,-29,-5,15,-63,-63,-52,-16,-84,-63,7,-40,-25,-16,-20,-33,-12,-120
-92,-79,-36,-40,-18,-21,-35,-21,6,-69,-64,-66,-33,-95,-73,6,-51,-34,-30,-42,-33,-21,-109
-91,-88,-44,-49,-11,-29,-36,-26,6,-68,-58,-68,-41,-97,-74,8,-57,-35,-36,-54,-26,-20,-102
-84,-89,-41,-51,-2,-29,-34,-20,13,-61,-47,-59,-45,-90,-68,13,-60,-27,-30,-57,-12,-13,-101
-74,-85,-32,-47,4,-22,-30,-11,17,-54,-38,-44,-45,-76,-59,20,-61,-18,-16,-56,3,-8,-102
-64,-76,-24,-41,4,-15,-24,-3,16,-49,-29,-29,-43,-59,-49,25,-60,-11,1,-54,13,-7,-104
-52,-66,-22,-34,3,-11,-18,-1,11,-45,-21,-18,-43,-45,-41,25,-56,-7,15,-53,14,-9,-105
-43,-60,-26,-32,-2,-14,-15,-9,2,-44,-18,-14,-47,-40,-41,16,-52,-12,18,-56,6,-14,-104
-42,-65,-37,-39,-14,-29,-19,-28,-13,-50,-22,-21,-57,-47,-53,-9,-54,-26,4,-64,-11,-24,-104
-48,-80,-49,-54,-33,-52,-31,-52,-31,-59,-30,-33,-69,-65,-73,-44,-60,-45,-22,-71,-34,-35,-104
-59,-98,-57,-72,-53,-74,-47,-72,-48,-67,-38,-40,-77,-84,-95,-76,-66,-62,-52,-75,-56,-42,-105
-72,-113,-53,-86,-72,-90,-62,-87,-62,-72,-43,-39,-75,-99,-110,-95,-71,-70,-78,-74,-71,-46,-106
-85,-120,-42,-92,-85,-98,-71,-94,-69,-74,-46,-29,-60,-107,-116,-96,-73,-65,-92,-67,-75,-50,-105
-92,-112,-27,-82,-86,-94,-68,-90,-65,-69,-44,-11,-31,-103,-108,-80,-65,-45,-88,-50,-65,-50,-101
-82,-88,-10,-51,-68,-72,-51,-68,-44,-52,-35,15,8,-81,-80,-50,-41,-11,-63,-21,-39,-38,-94
-59,-51,10,-7,-38,-37,-23,-33,-7,-27,-21,41,48,-44,-41,-13,-5,29,-24,16,-4,-13,-87
-33,-15,28,35,-9,-1,4,3,34,-4,-9,57,78,-5,-6,21,30,61,12,51,28,12,-84
-12,10,38,61,11,24,21,30,66,9,-3,63,90,22,16,43,52,76,34,74,50,25,-87
3,22,38,68,20,35,26,44,84,11,-4,61,87,33,22,52,59,72,41,81,59,26,-93
10,23,30,59,20,32,22,42,86,4,-12,50,74,30,15,54,50,57,33,73,58,16,-99
5,13,14,39,11,16,12,26,74,-8,-25,31,55,14,0,52,28,36,14,53,50,2,-104
-6,-2,-5,17,1,-5,1,6,54,-19,-37,10,34,-9,-17,49,3,19,-6,31,41,-9,-106
-14,-10,-18,6,-2,-17,-1,-2,40,-21,-41,-6,20,-25,-21,51,-13,15,-14,19,40,-6,-103
-15,-10,-18,7,4,-17,4,2,36,-13,-35,-14,12,-30,-12,57,-17,22,-8,19,45,9,-98
-15,-9,-13,12,10,-10,5,9,34,-3,-29,-22,3,-32,-2,61,-17,28,-1,18,48,20,-94
-19,-14,-10,12,10,-5,-1,6,27,1,-28,-32,-12,-37,2,56,-21,26,0,8,40,19,-94
-22,-22,-8,7,8,-2,-8,-3,16,2,-28,-38,-28,-43,-2,45,-30,20,-6,-10,26,9,-91
-20,-29,-5,-1,9,0,-12,-12,5,3,-26,-38,-40,-47,-10,32,-42,14,-14,-27,11,-2,-82
-22,-37,-8,-16,10,-3,-14,-23,-10,-2,-26,-33,-51,-53,-26,14,-58,6,-23,-41,-3,-12,-68
-32,-53,-18,-36,9,-14,-16,-33,-28,-17,-29,-27,-61,-65,-50,-9,-78,-9,-36,-49,-13,-20,-51
-45,-70,-30,-54,6,-28,-14,-39,-40,-38,-34,-18,-66,-80,-73,-31,-93,-26,-46,-47,-17,-19,-31
-55,-82,-39,-63,1,-37,-9,-39,-43,-54,-36,-7,-59,-89,-87,-46,-94,-39,-49,-35,-13,-8,-10
-67,-92,-48,-67,-14,-43,-8,-42,-43,-66,-40,-4,-47,-95,-96,-56,-88,-50,-51,-22,-10,3,6
-84,-103,-57,-70,-41,-50,-13,-52,-48,-75,-49,-11,-37,-101,-105,-63,-82,-59,-59,-20,-17,5,21
-96,-108,-57,-72,-70,-52,-16,-61,-52,-77,-57,-20,-25,-100,-111,-64,-74,-57,-65,-23,-25,0,42
-93,-98,-44,-69,-86,-44,-12,-58,-49,-67,-58,-19,-8,-87,-105,-57,-60,-40,-61,-21,-31,-5,73
-80,-81,-25,-64,-88,-31,-6,-46,-42,-54,-53,-9,8,-67,-94,-47,-46,-18,-49,-16,-35,-10,108
-66,-63,-9,-55,-77,-19,-5,-32,-38,-46,-46,6,17,-47,-82,-41,-35,-1,-35,-13,-39,-19,140
-46,-42,6,-35,-55,-1,-5,-12,-29,-39,-32,25,24,-25,-63,-31,-21,13,-16,-4,-36,-23,169
-14,-11,22,-1,-22,29,3,16,-9,-22,-9,48,34,3,-32,-10,3,29,10,16,-19,-13,191
19,23,36,36,10,63,14,47,13,0,19,65,45,29,3,20,29,46,33,41,4,5,200
40,44,43,59,29,88,21,68,27,15,38,67,50,39,25,46,44,57,43,60,23,17,190
43,46,40,59,32,96,19,76,31,17,43,55,47,32,30,59,47,58,40,69,33,17,162
31,35,32,41,27,90,13,74,28,9,35,36,40,13,23,60,42,54,30,71,34,10,119
13,16,24,17,22,72,5,64,23,-2,22,18,31,-9,12,55,32,46,18,65,27,2,64
-5,-3,19,-2,23,47,0,51,16,-10,8,2,25,-25,1,46,21,39,9,56,19,-2,4
-15,-14,23,-5,35,30,5,43,13,-10,1,-6,23,-27,-2,40,12,35,8,48,15,0,-53
-9,-10,36,12,59,28,24,46,21,1,6,-3,24,-11,6,44,11,35,19,46,23,13,-96
9,4,56,38,90,39,52,56,34,18,20,10,28,11,21,55,15,38,36,49,38,32,-124
27,16,73,58,115,54,75,65,44,31,36,23,28,28,30,64,14,35,50,48,49,46,-143
33,18,78,63,125,65,84,68,43,34,45,31,22,30,28,60,4,22,55,37,51,50,-155
27,11,69,52,117,67,76,61,34,27,47,35,10,16,15,42,-13,2,52,19,45,44,-161
14,-3,52,30,95,59,60,47,22,14,44,32,-2,-6,-4,15,-33,-15,39,1,33,32,-164
-2,-22,31,5,66,41,41,28,11,0,39,24,-12,-32,-25,-16,-51,-26,21,-11,21,18,-167
-19,-43,5,-18,31,19,22,9,3,-17,31,14,-18,-56,-49,-42,-64,-31,2,-15,10,7,-172
-37,-64,-22,-37,-4,-5,6,-9,-1,-37,22,7,-21,-77,-71,-59,-68,-31,-14,-12,2,-2,-180
-53,-83,-45,-53,-31,-24,-5,-24,0,-55,12,4,-19,-94,-91,-65,-60,-28,-23,-5,0,-8,-192
-67,-96,-59,-66,-48,-34,-6,-29,4,-68,5,10,-7,-103,-104,-57,-43,-20,-23,5,4,-5,-211
-75,-99,-63,-74,-51,-29,2,-22,13,-70,3,25,16,-101,-106,-37,-20,-3,-12,16,17,8,-232
-75,-90,-57,-76,-41,-13,16,-3,26,-61,7,45,47,-86,-95,-13,5,23,7,31,34,27,-241
-68,-75,-41,-68,-19,8,31,19,40,-44,16,61,78,-63,-75,8,26,52,31,48,50,45,-200
-56,-57,-17,-50,6,28,43,41,53,-24,28,71,105,-35,-50,24,41,78,53,67,62,60,-44
-37,-35,13,-20,32,46,49,58,65,-3,43,77,123,-8,-23,36,49,94,69,85,69,70,292
-14,-9,47,19,57,63,55,72,76,17,57,79,128,14,2,43,53,96,77,100,74,74,832
10,18,81,60,78,80,62,81,87,33,68,79,121,29,21,44,59,87,78,105,75,72,1512
32,43,108,95,93,99,70,87,97,45,74,78,105,36,34,40,66,71,74,102,73,67,2178
50,66,123,118,100,120,76,90,106,52,78,78,85,36,41,34,74,57,67,91,67,63,2621
63,82,122,127,99,136,75,90,107,53,77,73,66,32,42,28,77,46,58,77,54,59,2670
65,84,104,116,87,136,58,80,92,44,65,59,45,19,35,19,68,35,48,58,34,50,2281
53,68,70,89,62,115,28,59,59,26,45,36,24,-3,19,8,44,19,36,33,8,32,1571
29,42,29,53,34,79,-4,32,18,5,24,10,5,-29,1,-1,12,3,25,8,-14,8,769
4,14,-11,20,13,40,-27,9,-17,-10,8,-9,-9,-49,-12,-3,-16,-8,18,-9,-21,-13,101
-18,-10,-45,-6,2,5,-39,-8,-37,-20,-5,-21,-21,-58,-18,-1,-34,-14,18,-18,-17,-27,-301
-36,-31,-68,-25,-5,-22,-44,-22,-46,-27,-15,-29,-33,-56,-19,3,-39,-18,20,-20,-9,-34,-433
-47,-46,-78,-40,-10,-38,-44,-34,-47,-35,-21,-34,-45,-43,-17,7,-35,-19,21,-18,-3,-36,-395
-50,-55,-78,-51,-15,-42,-44,-47,-44,-43,-24,-36,-53,-25,-13,10,-29,-17,20,-13,-1,-34,-315
-48,-61,-71,-64,-23,-45,-49,-62,-46,-53,-28,-40,-58,-8,-15,10,-26,-15,14,-9,-6,-32,-273
-48,-68,-62,-81,-38,-53,-57,-80,-57,-64,-34,-46,-63,-1,-24,7,-32,-15,4,-10,-18,-35,-277
-53,-75,-57,-98,-55,-66,-64,-100,-71,-71,-36,-51,-66,-4,-37,1,-40,-15,-10,-14,-32,-42,-298
-60,-79,-59,-106,-71,-80,-72,-116,-84,-73,-33,-53,-65,-10,-50,-7,-48,-10,-28,-18,-45,-51,-316
-67,-79,-63,-102,-84,-90,-80,-125,-92,-72,-28,-52,-59,-17,-60,-15,-53,-2,-45,-22,-57,-58,-323
-68,-70,-58,-81,-87,-90,-81,-120,-93,-65,-19,-44,-47,-19,-61,-20,-48,7,-55,-20,-63,-57,-326
-55,-48,-38,-43,-74,-69,-70,-99,-81,-47,-4,-25,-23,-10,-47,-16,-27,19,-50,-9,-58,-43,-327
-29,-13,-7,5,-47,-29,-48,-65,-56,-20,16,1,10,8,-21,-6,3,34,-30,12,-39,-20,-327
7,27,30,51,-13,19,-21,-28,-24,10,36,30,44,29,10,7,35,46,0,42,-11,10,-321
41,64,65,85,22,66,5,8,9,39,56,56,70,50,38,21,60,49,34,77,21,39,-306
65,89,89,103,50,97,23,33,36,61,73,70,82,64,57,35,73,45,58,106,49,58,-284
69,93,94,102,61,106,28,43,50,67,83,68,75,67,62,43,70,35,63,117,62,60,-260
55,77,79,86,58,94,21,39,48,58,80,51,51,55,53,45,55,24,51,105,59,48,-239
29,47,50,62,45,70,9,26,38,40,68,30,18,37,36,45,35,14,32,76,47,33,-220
-1,12,13,35,27,44,-2,13,26,18,48,8,-14,17,13,44,17,7,15,40,31,20,-198
-26,-21,-23,12,9,23,-7,5,18,-2,26,-9,-35,1,-7,43,3,7,6,10,17,14,-172
-38,-42,-45,-1,0,14,-4,7,22,-12,11,-13,-38,-10,-20,42,-5,14,9,-3,11,18,-147
-35,-46,-45,-2,5,21,9,23,41,-9,11,-3,-22,-16,-23,44,-6,26,24,3,17,32,-124
-25,-39,-26,5,23,38,28,47,65,1,26,18,4,-20,-21,47,-5,38,42,21,31,51,-102
-17,-31,0,13,44,57,47,71,83,9,46,38,27,-30,-22,45,-7,41,52,36,45,66,-74
-18,-29,22,17,62,65,60,83,88,9,61,53,37,-45,-29,32,-13,31,51,39,53,71,-39
-29,-34,33,13,73,60,59,81,75,1,66,58,33,-62,-43,8,-23,10,41,25,54,67,1
-42,-45,30,0,73,42,47,66,50,-13,59,54,18,-73,-61,-19,-35,-15,24,1,46,56,41
-49,-53,24,-15,66,16,29,45,24,-25,45,45,3,-73,-76,-39,-45,-36,10,-20,33,42,76
-41,-51,24,-21,58,-5,14,29,11,-25,35,42,0,-60,-77,-44,-43,-40,5,-29,22,32,107
-17,-37,34,-15,51,-12,10,23,15,-10,35,48,14,-37,-62,-29,-30,-29,13,-25,19,30,136
10,-19,50,-1,43,-4,13,26,25,8,39,56,36,-14,-40,-7,-11,-12,25,-16,21,32,169
28,-7,63,12,33,10,19,29,33,20,40,62,54,3,-20,13,7,2,35,-10,24,33,207
34,1,71,25,26,26,27,35,35,27,39,70,65,12,-3,27,25,12,44,-8,29,35,251
32,8,76,37,27,41,35,45,36,31,37,82,72,20,12,40,44,21,51,-8,35,39,303
29,14,78,45,36,52,38,56,37,32,34,96,72,29,22,51,62,33,56,-5,41,43,363
30,21,78,48,50,61,41,67,41,33,33,107,69,41,29,61,80,48,61,5,47,47,426
37,30,73,46,66,68,44,76,48,38,36,115,66,57,33,72,95,62,69,23,57,52,489
43,37,62,39,79,74,49,83,57,44,42,111,65,71,33,79,103,72,75,43,68,56,549
44,37,47,26,86,76,53,86,62,45,46,95,60,75,31,79,103,76,78,59,78,57,605
34,32,28,12,84,73,56,83,61,42,45,71,53,69,27,71,93,74,76,67,84,55,659
15,21,8,1,74,66,56,77,58,35,37,46,46,55,25,62,75,71,72,70,85,53,712
-7,9,-8,-2,58,56,53,70,58,24,27,27,40,39,24,56,52,68,67,72,79,52,764
-24,0,-16,0,41,43,48,63,62,13,15,14,38,25,25,52,28,67,62,72,68,51,814
-34,-5,-23,2,25,29,40,52,64,3,0,5,37,13,23,44,6,63,56,69,53,49,860
-39,-10,-33,-1,7,10,29,33,60,-8,-17,-5,33,-1,10,29,-16,50,45,56,35,42,896
-41,-15,-48,-10,-7,-11,14,10,48,-17,-33,-15,23,-19,-9,12,-35,25,30,35,16,31,915
-34,-13,-56,-13,-12,-28,3,-6,36,-17,-38,-20,12,-30,-22,2,-43,-2,16,13,4,21,923
-14,2,-49,2,-4,-30,3,-6,30,-1,-27,-13,7,-22,-16,6,-34,-19,11,-2,4,18,924
17,28,-27,33,11,-17,15,7,31,30,-5,0,8,3,7,21,-12,-23,17,-10,13,21,914
48,53,-1,64,22,0,26,23,32,63,18,12,6,34,35,35,12,-21,24,-17,20,21,888
75,71,24,83,26,14,31,32,27,90,37,16,-4,61,60,41,31,-16,29,-28,20,16,842
95,83,44,90,27,23,33,35,19,109,53,17,-18,80,79,41,47,-5,35,-37,16,9,773
106,89,56,85,24,27,31,32,10,121,65,18,-28,90,91,40,59,9,41,-44,11,6,682
106,84,55,70,17,26,21,25,0,119,72,19,-33,90,92,36,66,20,45,-45,5,4,569
92,71,46,50,8,22,6,19,-9,104,75,21,-28,84,84,31,66,26,45,-40,-2,4,439
66,54,33,28,-2,16,-5,18,-18,81,72,24,-13,74,70,24,59,27,41,-28,-9,4,299
30,30,15,3,-15,8,-14,16,-30,49,60,22,5,57,45,9,43,19,29,-18,-17,-1,153
-14,-6,-10,-32,-37,-6,-27,6,-46,7,33,8,10,26,7,-17,15,3,4,-19,-32,-18,6
-59,-45,-38,-72,-65,-23,-41,-12,-62,-39,-3,-14,-1,-14,-37,-45,-20,-19,-29,-29,-48,-44,-137
-89,-73,-60,-99,-85,-33,-47,-25,-68,-75,-34,-34,-17,-46,-70,-59,-46,-33,-54,-36,-56,-66,-264
-97,-78,-67,-100,-88,-30,-38,-20,-56,-87,-45,-41,-21,-57,-78,-51,-54,-33,-58,-30,-50,-72,-370
-85,-65,-59,-78,-76,-16,-21,0,-28,-79,-38,-35,-11,-47,-63,-27,-43,-20,-41,-10,-31,-61,-456
-65,-43,-41,-43,-55,0,-2,24,3,-60,-23,-22,7,-27,-38,0,-24,-4,-16,16,-9,-43,-526
-46,-20,-21,-6,-30,15,16,43,28,-38,-6,-8,28,-4,-13,22,-7,10,9,39,13,-20,-584
-29,1,-3,25,-6,25,30,51,42,-15,13,4,45,17,8,38,6,21,32,57,33,6,-631
-14,16,11,44,12,30,36,45,47,3,24,10,51,31,22,49,14,30,46,67,48,30,-669
-4,20,12,45,18,28,28,23,39,11,23,5,41,32,24,52,17,35,47,63,51,42,-699
-1,14,-1,28,9,14,7,-10,22,6,10,-10,19,22,14,46,16,31,36,45,42,41,-723
-7,-1,-21,-1,-13,-10,-21,-45,-1,-7,-9,-31,-11,6,-2,31,14,18,18,18,24,30,-739
-20,-23,-41,-34,-43,-40,-47,-75,-22,-23,-30,-51,-42,-14,-20,8,8,0,-4,-15,1,12,-751
-34,-45,-56,-60,-71,-66,-64,-98,-37,-37,-48,-66,-67,-31,-37,-18,-2,-19,-26,-48,-20,-6,-760
-40,-56,-64,-71,-88,-79,-66,-108,-43,-41,-55,-70,-80,-37,-44,-39,-11,-31,-39,-71,-32,-17,-762
-33,-50,-60,-62,-89,-76,-52,-102,-41,-30,-47,-61,-76,-30,-37,-49,-12,-34,-41,-78,-33,-18,-756
-19,-33,-47,-41,-78,-63,-31,-84,-37,-10,-28,-44,-59,-16,-24,-48,-7,-31,-36,-73,-29,-13,-747
-7,-20,-32,-22,-62,-50,-12,-62,-36,8,-7,-27,-42,-6,-14,-45,-2,-28,-31,-65,-28,-12,-739
-4,-15,-22,-10,-49,-39,0,-40,-37,15,10,-12,-29,-6,-13,-43,2,-29,-30,-61,-31,-14,-732
-11,-19,-15,-9,-38,-31,7,-18,-36,12,19,0,-21,-10,-20,-42,2,-32,-32,-60,-33,-16,-723
-22,-29,-11,-16,-30,-23,10,1,-30,2,21,8,-14,-16,-32,-42,-5,-35,-34,-61,-34,-15,-713
-30,-39,-8,-25,-21,-10,12,18,-17,-11,14,14,-6,-19,-44,-41,-17,-34,-34,-60,-35,-9,-701
-24,-38,-3,-23,-6,10,14,35,2,-19,5,20,12,-15,-48,-34,-24,-26,-28,-53,-32,1,-685
-8,-22,6,-9,14,32,16,55,22,-19,-6,29,40,-4,-42,-23,-23,-14,-17,-40,-27,12,-668
7,-5,19,10,31,43,12,69,33,-17,-20,33,66,1,-34,-14,-19,-5,-10,-27,-26,14,-656
14,6,32,23,39,38,3,73,31,-18,-35,28,79,-3,-28,-12,-19,-5,-11,-19,-32,6,-648
14,10,43,30,40,28,-3,70,18,-21,-45,15,76,-12,-24,-16,-22,-10,-15,-17,-41,-8,-641
14,13,51,32,36,23,-3,62,3,-22,-47,-1,60,-19,-17,-20,-22,-16,-17,-19,-46,-23,-632
17,18,57,28,30,24,1,51,-5,-16,-40,-14,39,-21,-8,-21,-22,-20,-14,-20,-41,-34,-618
29,29,63,25,28,36,10,43,-2,-1,-25,-19,19,-15,7,-14,-16,-14,-6,-14,-27,-36,-600
44,45,64,27,32,53,21,39,14,19,-5,-16,6,-3,25,0,-5,2,8,-3,-4,-29,-577
50,57,57,28,37,63,31,35,33,35,10,-12,-4,6,36,13,7,19,20,7,18,-20,-552
41,55,42,20,37,55,33,25,45,38,15,-13,-14,6,36,18,12,29,25,13,30,-13,-527
15,35,20,2,28,30,29,6,40,24,8,-23,-24,-4,21,11,5,25,19,8,28,-10,-502
-21,-1,-7,-24,10,-5,20,-21,18,-3,-10,-43,-37,-22,-5,-8,-15,8,3,-9,14,-13,-479
-53,-40,-31,-48,-11,-35,13,-48,-11,-32,-29,-61,-46,-38,-34,-30,-38,-12,-17,-29,-1,-16,-457
-64,-64,-39,-57,-24,-51,16,-62,-32,-46,-36,-64,-42,-39,-51,-41,-52,-23,-28,-36,-5,-11,-435
-49,-65,-31,-49,-28,-50,28,-61,-37,-41,-30,-51,-26,-25,-50,-36,-52,-20,-30,-26,3,4,-414
-25,-55,-17,-35,-30,-44,37,-58,-35,-30,-19,-34,-13,-12,-41,-25,-46,-13,-31,-13,9,15,-397
-7,-43,-8,-29,-39,-44,35,-63,-35,-22,-14,-28,-13,-9,-33,-17,-44,-10,-37,-9,1,13,-385
1,-33,-4,-32,-54,-54,23,-74,-42,-20,-19,-33,-22,-15,-26,-16,-44,-13,-47,-16,-20,0,-375
0,-26,-5,-40,-71,-69,4,-87,-53,-24,-31,-46,-35,-24,-20,-24,-48,-22,-59,-33,-48,-18,-365
-11,-29,-11,-51,-89,-87,-19,-102,-70,-34,-48,-64,-50,-35,-20,-42,-55,-36,-74,-56,-77,-38,-354
-25,-34,-16,-58,-102,-99,-38,-112,-86,-45,-61,-78,-59,-39,-24,-64,-57,-48,-89,-72,-97,-52,-342
-27,-31,-10,-51,-99,-94,-40,-107,-91,-45,-61,-77,-55,-28,-21,-76,-45,-49,-95,-68,-95,-51,-329
-13,-15,6,-33,-79,-73,-30,-87,-80,-33,-46,-56,-40,-5,-11,-68,-18,-38,-85,-46,-72,-39,-318
5,2,23,-14,-53,-48,-20,-63,-64,-17,-29,-28,-27,14,-1,-50,11,-25,-67,-25,-43,-30,-310
15,11,29,-3,-30,-26,-19,-40,-53,-6,-19,-7,-22,20,1,-29,32,-14,-50,-13,-22,-29,-305
19,15,27,3,-11,-9,-24,-13,-43,0,-14,7,-21,18,3,11,46,-2,-30,-6,-11,-28,-300
22,20,22,10,9,9,-26,19,-28,5,-6,20,-17,20,10,106,56,16,-6,5,-7,-21,-293
24,24,18,18,24,21,-23,48,-12,8,3,31,-10,25,22,285,61,32,15,18,-9,-9,-281
24,23,14,24,29,25,-19,64,-3,6,9,34,-5,30,33,561,57,39,26,26,-18,3,-265
24,19,11,28,28,22,-14,64,0,-1,9,27,-3,33,40,920,43,33,26,27,-27,9,-252
28,18,10,33,27,15,-9,52,0,-3,7,17,-4,34,44,1323,23,21,22,20,-30,8,-243
35,21,10,41,29,8,-6,36,-2,3,3,6,-7,34,48,1703,3,10,19,7,-25,0,-236
40,27,8,52,30,5,-8,22,-5,14,-1,-9,-11,30,49,1997,-15,3,19,-8,-18,-9,-229
38,31,1,61,31,8,-13,11,-10,27,-1,-24,-16,22,47,2176,-26,1,18,-20,-13,-15,-221
28,33,-10,64,30,16,-18,1,-12,37,2,-33,-21,12,42,2255,-30,-1,18,-26,-9,-15,-212
10,29,-23,57,24,24,-21,-8,-11,42,8,-34,-28,1,31,2269,-28,-5,15,-28,-7,-10,-204
-12,18,-37,42,12,27,-23,-15,-10,38,15,-29,-35,-14,15,2253,-27,-13,10,-30,-6,-3,-196
-34,0,-47,21,-3,24,-24,-19,-8,26,20,-22,-38,-30,-6,2226,-28,-24,3,-32,-3,3,-194
-47,-16,-49,4,-15,18,-19,-18,-2,12,24,-11,-32,-41,-25,2196,-29,-30,-2,-29,3,6,-197
-44,-24,-39,-5,-17,14,-6,-10,11,2,28,4,-16,-40,-32,2169,-25,-24,-2,-13,13,11,-204
-28,-23,-22,-8,-12,9,7,-2,23,-6,28,16,1,-31,-29,2139,-17,-6,-1,8,23,13,-211
-12,-20,-7,-14,-10,-1,13,-4,25,-19,16,14,9,-24,-23,2099,-16,12,-10,22,19,6,-214
-3,-20,0,-27,-17,-19,8,-22,13,-39,-9,-6,3,-26,-22,2052,-24,19,-34,21,0,-13,-214
1,-23,0,-44,-29,-40,-4,-45,-8,-60,-39,-35,-14,-32,-26,2001,-37,15,-63,10,-28,-38,-210
2,-25,-2,-57,-41,-56,-17,-61,-29,-76,-63,-62,-31,-40,-32,1949,-48,5,-86,-5,-54,-58,-203
1,-28,-5,-59,-51,-61,-27,-60,-46,-83,-72,-79,-41,-44,-39,1896,-54,-7,-97,-21,-70,-66,-192
2,-27,-6,-48,-55,-53,-28,-42,-52,-80,-62,-80,-39,-39,-42,1842,-52,-21,-92,-29,-73,-63,-180
6,-22,-3,-24,-49,-30,-22,-14,-46,-68,-40,-63,-25,-27,-38,1794,-41,-33,-73,-26,-62,-51,-171
12,-14,3,6,-36,1,-14,14,-30,-49,-11,-35,-6,-13,-29,1750,-24,-42,-45,-16,-42,-35,-164
17,-3,10,33,-22,31,-5,35,-11,-29,15,-7,13,0,-18,1714,-5,-45,-16,-2,-18,-19,-159
20,12,18,54,-10,57,4,48,10,-7,36,17,32,12,-2,1686,16,-39,14,15,9,-7,-155
22,28,26,66,2,71,11,53,28,13,47,32,49,23,16,1664,39,-24,42,32,35,3,-153
20,38,29,63,13,72,14,53,41,27,51,36,59,30,31,1641,58,-5,64,45,54,14,-153
17,40,27,50,24,60,14,50,49,36,51,34,58,34,42,1615,71,15,76,52,62,27,-152
19,41,28,37,36,49,16,51,55,44,54,33,54,41,55,1590,79,33,82,57,63,44,-147
27,44,31,32,51,44,24,53,59,53,59,36,50,49,70,1564,82,44,85,60,60,60,-139
34,46,33,35,64,44,32,51,58,59,62,41,46,50,78,1529,74,43,81,57,52,70,-129
37,42,26,42,69,44,34,41,51,57,62,43,37,42,72,1478,54,31,70,45,41,68,-120
34,35,15,48,65,44,31,26,39,47,56,42,23,28,53,1416,26,15,56,26,31,56,-112
28,23,0,49,54,42,23,7,23,32,45,36,8,7,27,1347,-4,0,39,4,24,38,-105
20,4,-12,40,38,34,6,-13,6,13,29,26,-10,-18,-4,1275,-33,-14,19,-16,17,18,-98
14,-13,-18,26,21,24,-11,-28,-7,-3,14,15,-27,-41,-28,1210,-53,-24,2,-29,13,5,-91
18,-19,-11,15,10,20,-18,-27,-10,-6,5,12,-33,-50,-37,1162,-59,-24,-5,-29,15,7,-82
27,-10,3,12,6,23,-11,-9,-4,2,5,17,-24,-42,-28,1136,-49,-12,3,-14,24,23,-71
35,5,16,15,4,28,4,16,8,16,12,27,-5,-24,-11,1124,-33,7,17,7,35,43,-61
37,18,21,16,-1,27,21,34,20,25,22,34,14,-2,5,1111,-17,26,27,24,38,57,-54
31,23,16,13,-9,21,34,38,29,27,31,37,28,17,14,1090,-6,38,27,30,32,59,-50
18,17,1,2,-20,11,40,27,30,20,33,33,33,27,16,1062,-1,38,17,28,15,48,-48
3,4,-16,-15,-29,-2,35,5,26,6,22,20,29,27,12,1027,0,27,0,19,-6,30,-47
-10,-10,-34,-34,-40,-17,19,-25,17,-12,1,-1,17,18,6,983,-3,5,-23,4,-29,7,-47
-20,-19,-49,-52,-54,-30,-8,-54,2,-30,-25,-28,-2,3,-1,936,-8,-23,-45,-16,-53,-18,-46
-26,-20,-58,-61,-71,-38,-39,-74,-15,-44,-48,-53,-25,-10,-6,890,-12,-47,-64,-36,-73,-41,-43
-24,-11,-57,-54,-85,-39,-63,-81,-28,-48,-60,-68,-44,-16,-4,850,-11,-58,-76,-50,-86,-59,-40
-18,0,-50,-34,-95,-34,-76,-81,-37,-41,-60,-70,-57,-15,1,815,-6,-54,-83,-59,-96,-74,-37
-9,12,-38,-5,-97,-25,-76,-74,-40,-27,-50,-63,-63,-10,8,787,0,-41,-82,-63,-100,-85,-34
3,27,-19,31,-80,-9,-59,-56,-33,-2,-32,-44,-56,3,21,773,11,-18,-66,-55,-89,-86,-28
21,48,7,67,-42,13,-29,-23,-17,32,-7,-18,-36,24,42,772,26,12,-34,-33,-60,-73,-19
41,66,30,91,1,33,1,10,3,62,16,4,-12,46,63,774,42,37,4,-7,-25,-53,-8
54,76,40,95,35,40,15,29,14,78,30,12,1,57,77,770,51,48,36,10,1,-37,4
56,73,34,78,48,30,11,26,15,74,34,2,-2,53,79,752,52,40,52,10,9,-30,12
42,52,10,40,36,2,-8,0,2,51,24,-25,-24,35,64,714,41,16,47,-10,-4,-35,12
14,17,-27,-11,0,-39,-37,-45,-20,16,2,-62,-62,5,32,656,18,-18,23,-43,-35,-50,5
-18,-20,-63,-62,-41,-80,-62,-91,-45,-18,-23,-97,-99,-23,-3,593,-8,-48,-10,-78,-66,-68,-3
-43,-45,-87,-94,-70,-108,-74,-121,-65,-36,-39,-115,-120,-37,-28,541,-25,-62,-37,-99,-82,-75,-6
-60,-58,-98,-105,-83,-122,-73,-131,-78,-41,-46,-114,-121,-36,-41,502,-35,-62,-56,-101,-81,-70,-4
-72,-69,-106,-107,-89,-126,-69,-132,-90,-44,-52,-101,-113,-31,-52,469,-45,-58,-71,-93,-73,-59,2
-83,-84,-117,-110,-97,-125,-69,-132,-100,-52,-61,-84,-105,-33,-66,439,-56,-53,-84,-83,-66,-49,11
-93,-99,-128,-115,-106,-121,-70,-132,-106,-63,-72,-68,-97,-41,-80,410,-66,-47,-93,-76,-61,-41,24
-104,-113,-134,-124,-116,-116,-73,-132,-103,-76,-81,-56,-89,-54,-93,382,-73,-39,-98,-69,-56,-33,36
-113,-123,-133,-135,-124,-108,-76,-130,-94,-87,-87,-51,-80,-64,-102,355,-77,-29,-97,-66,-52,-26,46
-116,-122,-123,-139,-124,-97,-75,-120,-82,-88,-85,-49,-66,-66,-101,336,-75,-14,-90,-62,-48,-21,51
-108,-109,-104,-127,-113,-83,-68,-101,-68,-80,-76,-45,-44,-55,-88,330,-65,3,-74,-54,-43,-14,54
-87,-84,-77,-100,-90,-66,-55,-74,-53,-63,-63,-37,-18,-35,-63,334,-51,20,-54,-39,-38,-5,54
-57,-54,-45,-65,-60,-49,-39,-43,-37,-41,-54,-25,5,-14,-35,340,-36,32,-34,-22,-30,5,55
-25,-25,-17,-34,-30,-35,-22,-15,-25,-20,-51,-15,19,2,-12,341,-28,35,-20,-6,-20,9,58
-1,-4,3,-14,-6,-29,-8,3,-17,-5,-54,-11,23,6,1,331,-27,29,-17,4,-12,6,66
13,9,13,-7,11,-28,2,12,-10,1,-59,-13,21,-3,3,312,-30,15,-24,11,-6,-1,77
14,15,13,-8,23,-31,9,13,-2,-1,-59,-18,14,-20,0,291,-34,-2,-36,13,-5,-5,88
4,12,4,-17,27,-36,11,8,6,-15,-54,-29,3,-41,-9,271,-40,-20,-49,6,-10,-9,99
-12,2,-7,-27,25,-41,11,3,13,-34,-47,-40,-8,-58,-17,255,-45,-33,-56,-5,-20,-11,111
-22,-7,-13,-29,27,-39,11,3,26,-45,-37,-45,-11,-62,-17,248,-41,-35,-50,-11,-24,-7,128
-20,-7,-8,-18,37,-30,14,12,43,-41,-22,-40,-6,-47,-5,252,-23,-23,-32,-7,-19,5,155
-9,-1,4,4,51,-16,16,24,56,-21,-2,-29,2,-19,13,260,2,-7,-7,0,-7,17,191
4,8,18,28,65,1,16,32,60,6,20,-14,8,13,33,262,26,8,18,9,6,22,230
21,21,34,51,75,21,15,34,58,36,44,4,8,41,52,257,47,17,38,19,21,22,265
43,39,56,71,84,46,19,36,55,66,70,27,5,61,70,248,69,24,56,27,35,20,293
67,63,82,89,92,71,27,39,49,92,96,52,0,74,86,235,89,25,72,30,46,18,311
89,84,107,103,96,90,36,43,40,111,115,71,-4,81,96,217,103,22,81,28,51,15,315
104,100,125,112,92,95,45,46,26,121,122,73,-10,83,100,191,109,14,79,22,48,9,307
112,108,133,117,81,86,47,45,9,125,118,61,-17,82,98,160,106,4,65,12,36,1,286
113,106,129,120,66,68,39,39,-11,125,104,42,-24,79,90,124,97,-5,43,-2,16,-9,251
103,93,115,117,48,44,23,28,-31,116,86,22,-29,71,75,86,80,-14,18,-15,-6,-20,203
86,72,99,103,27,22,6,12,-49,99,67,5,-32,57,55,46,60,-22,-6,-25,-27,-33,141
67,51,86,80,11,6,-6,-4,-60,77,50,0,-27,41,32,14,44,-25,-19,-30,-39,-42,73
52,37,78,54,5,0,-9,-12,-59,56,39,10,-12,25,14,-5,36,-21,-18,-27,-40,-40,9
38,27,73,32,7,0,-7,-10,-47,37,33,23,6,12,1,-11,32,-13,-8,-19,-35,-32,-41
25,18,65,13,8,1,-6,-4,-27,17,24,31,18,2,-6,-14,25,-5,0,-11,-29,-21,-73
12,9,49,-1,7,1,-8,3,-5,-4,6,30,19,-5,-11,-22,12,2,2,-6,-27,-13,-89
1,-1,25,-9,4,-2,-13,8,12,-24,-19,23,11,-13,-15,-34,-5,8,-2,-6,-28,-6,-94
-7,-10,3,-9,1,-7,-14,11,22,-40,-42,13,2,-20,-18,-47,-22,10,-8,-3,-30,-2,-95
-9,-13,-11,-1,1,-9,-6,14,26,-47,-55,2,-3,-22,-20,-55,-32,9,-10,6,-27,3,-97
-3,-8,-14,14,8,-7,11,19,29,-45,-54,-8,0,-17,-16,-54,-33,6,-5,19,-16,10,-101
9,2,-8,29,19,-4,28,23,31,-34,-45,-18,3,-8,-9,-50,-29,1,1,30,0,16,-105
19,11,-2,38,29,-4,33,23,31,-19,-35,-29,-1,-1,-5,-48,-26,-11,0,31,10,15,-110
21,15,-2,38,32,-6,23,16,28,-4,-26,-41,-14,2,-6,-51,-26,-26,-8,22,9,8,-120
17,15,-7,32,31,-10,8,2,21,8,-19,-50,-34,0,-6,-60,-23,-40,-17,5,-1,-1,-138
15,18,-9,25,30,-11,-3,-11,14,24,-9,-52,-53,-2,-1,-67,-13,-44,-20,-10,-12,-7,-161
22,28,-1,23,33,-4,-3,-14,12,47,9,-42,-59,3,15,-66,10,-36,-11,-17,-16,-5,-163
38,44,20,31,40,10,9,-6,18,74,37,-21,-51,20,41,-56,41,-20,11,-15,-8,5,-90
59,61,48,44,50,26,27,10,29,97,67,6,-33,44,70,-46,72,-6,36,-6,11,17,135
76,70,74,53,57,36,41,24,35,109,90,33,-11,65,91,-50,89,-1,53,2,33,23,565
79,64,86,52,55,38,46,30,30,107,95,54,6,72,93,-72,87,-10,53,3,51,21,1187
65,47,83,40,45,35,43,28,16,89,86,66,15,61,77,-107,69,-28,41,-1,60,13,1891
38,24,68,24,32,30,37,24,0,64,69,70,18,37,49,-146,43,-42,26,-5,62,8,2486
7,1,44,8,19,24,31,21,-12,37,50,66,19,8,19,-181,18,-43,16,-7,59,9,2764
-22,-18,14,-8,4,16,23,20,-20,10,30,55,19,-20,-8,-210,-2,-31,11,-9,50,13,2604
-43,-30,-19,-21,-13,6,10,18,-22,-14,14,40,20,-40,-29,-230,-15,-12,12,-9,34,15,2047
-49,-34,-45,-27,-27,-4,-3,18,-17,-30,5,27,24,-45,-38,-237,-17,7,17,-2,15,15,1277
-41,-28,-55,-23,-34,-9,-10,18,-8,-33,5,18,31,-36,-35,-230,-6,22,21,13,-1,13,531
-23,-16,-47,-13,-35,-9,-14,18,-2,-26,7,14,36,-19,-24,-215,9,28,21,30,-11,10,-3
-3,-2,-26,-2,-34,-4,-16,16,2,-17,9,11,33,-1,-11,-197,24,25,16,42,-16,2,-257
15,11,2,9,-30,4,-17,13,3,-7,10,9,23,17,-1,-179,35,17,11,51,-17,-8,-292
25,21,26,18,-24,11,-17,8,4,1,9,9,11,31,6,-168,39,7,6,56,-12,-18,-229
25,24,36,23,-20,14,-19,2,4,6,4,8,0,37,9,-169,34,-1,4,54,-4,-25,-173
19,22,31,27,-16,13,-20,1,6,11,-4,4,-8,36,11,-175,24,-9,5,48,5,-29,-164
16,21,20,34,-4,14,-12,12,13,21,-8,2,-9,32,18,-178,16,-12,13,45,15,-24,-187
22,26,13,48,19,21,8,34,30,38,-4,5,-1,30,32,-174,17,-6,27,49,30,-8,-214
34,34,16,61,44,30,32,58,49,57,4,10,12,30,47,-166,24,5,40,53,50,15,-233
44,36,21,63,59,35,47,67,61,66,10,10,18,27,56,-164,27,15,46,49,65,31,-247
45,29,21,49,57,29,48,55,60,59,9,2,13,20,50,-172,23,14,40,35,67,34,-263
35,15,13,25,42,11,34,26,48,40,1,-8,-3,8,31,-193,10,0,22,14,57,24,-279
14,-4,-6,-3,18,-13,9,-11,30,17,-12,-19,-25,-9,5,-224,-9,-23,-3,-9,38,7,-286
-11,-23,-30,-27,-6,-36,-17,-41,9,-4,-27,-28,-46,-27,-19,-257,-27,-50,-30,-31,13,-12,-279
-32,-35,-51,-45,-23,-51,-36,-53,-9,-17,-38,-34,-61,-44,-37,-286,-41,-72,-51,-47,-13,-28,-259
-46,-41,-63,-55,-34,-57,-45,-48,-20,-25,-45,-36,-66,-56,-50,-308,-49,-86,-66,-55,-37,-37,-232
-50,-44,-67,-63,-40,-55,-45,-37,-26,-32,-50,-35,-62,-62,-59,-323,-51,-89,-80,-57,-53,-41,-206
-44,-45,-63,-68,-43,-47,-38,-25,-28,-37,-53,-32,-47,-59,-64,-330,-50,-81,-92,-54,-61,-41,-184
-33,-42,-53,-68,-40,-36,-28,-17,-26,-42,-51,-26,-29,-49,-63,-330,-46,-67,-97,-47,-63,-38,-165
-25,-39,-41,-63,-34,-26,-21,-15,-23,-48,-48,-17,-15,-37,-61,-328,-41,-52,-95,-37,-63,-36,-142
-23,-35,-29,-53,-26,-17,-17,-19,-22,-53,-45,-4,-4,-26,-57,-324,-32,-37,-85,-26,-61,-34,-114
-20,-29,-11,-39,-17,-4,-14,-20,-18,-52,-38,12,10,-15,-46,-316,-17,-19,-66,-10,-50,-30,-81
-16,-19,14,-23,-7,12,-9,-15,-9,-46,-25,27,29,-3,-29,-303,4,0,-37,9,-31,-21,-48
-10,-9,39,-11,-1,26,-3,-4,3,-38,-8,35,44,9,-12,-289,26,19,-6,28,-12,-11,-16
-4,2,57,-1,1,38,4,11,15,-30,9,34,56,21,4,-273,45,36,21,47,7,-1,19
4,13,67,9,3,45,15,30,28,-18,25,31,64,35,18,-257,58,52,42,66,24,9,54
11,21,66,22,8,47,26,48,40,-2,33,25,65,47,30,-247,62,61,58,78,38,18,89
10,21,50,31,11,39,29,57,43,14,28,15,56,49,33,-248,53,55,64,76,40,19,121
4,14,23,37,12,26,23,55,38,24,12,6,42,40,26,-258,33,37,61,64,35,13,153
-1,7,-7,38,16,13,15,47,32,29,-6,2,30,23,17,-269,10,15,54,49,28,5,188
-1,4,-32,37,24,5,7,35,31,32,-18,3,22,3,10,-278,-8,-2,47,37,24,2,227
4,7,-52,33,34,0,1,22,34,32,-22,3,15,-16,6,-282,-18,-15,39,29,21,5,271
10,13,-66,28,41,-6,-5,8,35,29,-20,-2,5,-30,5,-281,-21,-23,29,23,19,13,320
12,19,-74,23,42,-15,-8,-6,30,24,-15,-11,-8,-36,8,-278,-19,-29,17,17,17,18,372
16,26,-73,22,37,-25,-6,-19,22,25,-8,-22,-20,-29,18,-275,-10,-30,10,10,17,20,428
28,40,-57,31,35,-30,4,-20,16,39,5,-26,-23,-6,37,-267,8,-24,11,5,22,22,487
51,61,-25,53,40,-23,24,-8,17,65,28,-16,-15,29,64,-253,34,-8,23,5,34,28,547
78,84,14,78,47,-7,46,9,24,95,57,5,1,63,90,-240,61,13,39,8,48,34,606
98,100,50,95,49,11,62,24,28,117,82,29,14,84,106,-237,79,29,50,11,57,36,661
104,101,74,98,41,24,62,27,24,123,91,45,17,86,105,-249,83,31,48,8,54,30,714
95,87,83,87,27,29,47,21,13,110,84,50,10,72,88,-273,75,19,35,-4,40,16,764
80,68,80,70,19,34,28,12,0,90,73,49,-1,55,65,-298,63,5,21,-16,19,0,812
69,57,75,56,22,43,15,12,-6,71,67,50,-6,46,48,-314,59,1,14,-21,1,-12,860
64,55,73,50,35,54,13,23,-3,57,65,54,0,47,41,-318,62,10,17,-16,-12,-14,909
61,57,71,51,52,63,18,42,4,47,64,61,16,53,43,-315,68,24,26,-4,-16,-6,957
55,59,66,52,63,67,26,62,14,37,58,66,36,58,47,-311,71,38,35,13,-12,6,998
42,55,58,46,63,64,32,75,22,23,44,67,53,57,49,-313,64,45,36,31,-4,14,1029
21,43,44,30,51,54,31,80,25,3,20,60,62,47,43,-325,47,41,28,44,5,13,1048
2,27,27,12,38,45,27,78,30,-15,-4,48,65,33,33,-336,26,34,19,55,15,9,1054
-7,17,8,0,32,42,26,75,41,-22,-17,37,68,23,25,-337,12,31,16,66,29,10,1046
-8,16,-11,-3,31,44,28,71,54,-19,-20,30,71,17,21,-328,6,36,19,79,44,17,1019
-6,18,-31,-1,32,44,29,67,65,-10,-18,24,70,13,20,-315,4,41,26,85,54,28,968
-6,21,-46,4,32,39,31,61,71,2,-15,18,65,10,20,-303,6,42,36,83,57,40,894
-5,29,-48,16,36,34,36,58,77,15,-7,13,59,12,27,-292,10,42,49,77,59,55,796
2,42,-34,32,48,35,47,60,84,33,6,12,57,22,40,-282,15,42,62,71,63,69,679
14,55,-8,48,61,38,60,64,90,49,22,10,55,30,52,-277,18,40,69,64,66,78,549
25,59,18,53,67,36,69,60,87,56,35,2,47,30,55,-278,14,34,65,52,63,78,414
31,51,32,47,57,28,67,47,70,52,43,-9,32,19,49,-284,4,22,48,35,53,71,280
28,34,29,34,35,16,56,25,43,41,43,-20,15,4,35,-297,-10,9,22,12,39,62,150
15,11,11,16,5,3,38,-2,13,26,37,-25,-2,-12,15,-319,-24,-2,-6,-15,23,53,29
-7,-17,-10,-7,-24,-10,17,-31,-15,9,25,-25,-18,-25,-7,-345,-40,-12,-31,-44,7,42,-80
-32,-45,-26,-32,-47,-20,-2,-60,-39,-10,13,-18,-28,-34,-30,-368,-55,-20,-50,-67,-5,30,-175
-53,-67,-35,-55,-58,-24,-12,-80,-53,-26,2,-6,-29,-38,-50,-386,-66,-27,-61,-77,-11,19,-255
-65,-81,-39,-74,-61,-27,-16,-89,-57,-38,-8,7,-23,-42,-67,-399,-71,-31,-65,-75,-12,9,-319
-70,-90,-42,-92,-61,-32,-19,-90,-57,-51,-21,17,-20,-48,-81,-407,-71,-36,-66,-68,-15,-2,-367
-73,-94,-49,-107,-62,-41,-27,-84,-56,-63,-37,17,-21,-57,-91,-414,-71,-43,-66,-62,-24,-14,-404
-75,-93,-56,-113,-62,-48,-40,-72,-57,-71,-52,10,-25,-65,-97,-420,-70,-49,-66,-59,-38,-24,-430
-73,-85,-57,-105,-59,-48,-53,-54,-54,-69,-60,2,-24,-66,-93,-424,-66,-51,-64,-56,-53,-31,-447
-63,-71,-48,-86,-48,-38,-62,-36,-47,-60,-56,-3,-18,-62,-81,-424,-58,-46,-58,-48,-64,-37,-457
-49,-53,-28,-62,-35,-18,-67,-20,-38,-45,-40,-3,-7,-54,-66,-416,-45,-36,-47,-37,-71,-43,-460
-32,-34,-3,-33,-23,11,-64,-4,-28,-29,-17,2,6,-45,-51,-399,-30,-23,-34,-23,-69,-46,-458
-18,-16,18,-3,-17,43,-55,15,-13,-13,8,10,18,-36,-36,-376,-13,-6,-17,-10,-59,-46,-449
-9,-2,28,23,-14,67,-43,35,4,1,26,16,24,-27,-24,-351,1,7,3,-2,-42,-40,-434
-8,4,24,41,-12,82,-28,54,19,14,36,16,24,-20,-15,-329,10,12,25,2,-21,-32,-414
-10,6,15,51,-9,89,-12,71,31,28,37,12,20,-13,-9,-312,14,10,46,5,4,-20,-396
-8,6,6,56,2,88,7,83,40,45,36,8,17,-5,0,-298,18,3,65,12,32,-5,-382
0,8,2,57,19,81,27,86,47,62,38,8,17,5,11,-288,24,-4,81,21,58,12,-370
11,13,3,53,37,69,42,79,52,76,43,13,16,15,23,-279,31,-8,93,31,77,28,-358
20,21,8,50,53,58,51,68,54,84,50,21,16,24,36,-268,38,-6,95,37,87,43,-343
25,28,15,47,62,48,55,55,55,86,57,30,15,33,47,-258,39,1,87,39,85,54,-325
22,28,17,39,58,32,51,38,52,78,60,31,11,34,51,-255,31,7,65,34,71,58,-306
7,14,7,14,38,4,35,13,36,56,51,18,-2,22,37,-267,9,2,33,19,44,50,-286
-21,-16,-17,-29,0,-35,9,-22,6,20,27,-10,-23,-6,3,-294,-25,-16,-8,-5,7,31,-270
-57,-56,-52,-80,-48,-78,-22,-62,-34,-25,-6,-45,-49,-44,-43,-332,-65,-45,-50,-35,-34,6,-260
-95,-101,-94,-130,-96,-120,-52,-102,-75,-74,-45,-80,-75,-86,-94,-375,-101,-79,-91,-67,-72,-24,-252
-131,-142,-138,-170,-137,-152,-79,-136,-110,-119,-84,-107,-97,-126,-139,-416,-130,-109,-126,-96,-102,-57,-240
-154,-166,-169,-190,-158,-161,-94,-154,-130,-148,-112,-118,-103,-151,-165,-444,-143,-122,-146,-114,-115,-79,-225
-158,-166,-175,-186,-150,-145,-93,-151,-128,-153,-121,-110,-90,-150,-163,-449,-138,-113,-149,-113,-111,-86,-208
-148,-148,-159,-168,-123,-116,-83,-135,-113,-143,-115,-94,-66,-131,-144,-437,-121,-91,-142,-100,-102,-82,-192
-134,-124,-129,-149,-94,-88,-76,-116,-98,-128,-104,-80,-45,-102,-120,-415,-102,-66,-130,-82,-97,-73,-175
-113,-96,-92,-129,-67,-64,-70,-92,-84,-110,-92,-68,-29,-66,-93,-386,-77,-42,-113,-60,-96,-62,-159
-84,-63,-56,-101,-43,-39,-61,-61,-66,-87,-75,-55,-15,-25,-61,-349,-47,-17,-89,-30,-93,-49,-145
-53,-33,-28,-64,-26,-14,-50,-28,-46,-62,-59,-40,-4,10,-29,-312,-13,8,-64,4,-84,-39,-132
-23,-9,-11,-25,-17,10,-43,0,-29,-37,-43,-26,3,32,-2,-281,17,28,-42,34,-68,-36,-117
3,10,1,14,-14,31,-37,25,-17,-13,-27,-11,9,43,19,-257,41,43,-20,56,-45,-36,-101
21,22,8,48,-15,46,-31,41,-11,9,-12,3,11,44,32,-241,55,50,3,67,-19,-38,-86
28,27,8,70,-16,51,-31,43,-13,25,-2,10,5,36,36,-238,58,46,22,65,0,-38,-71
24,25,-1,78,-18,45,-38,31,-20,33,0,8,-12,19,32,-244,51,31,33,48,11,-40,-57
13,18,-18,76,-21,31,-49,13,-30,34,-4,-2,-34,-1,26,-255,38,9,37,20,13,-43,-45
3,11,-36,67,-21,16,-55,-1,-35,33,-10,-13,-52,-16,22,-265,24,-11,35,-5,14,-44,-38
0,10,-47,58,-18,10,-51,-8,-29,35,-9,-19,-55,-22,25,-267,18,-22,34,-17,20,-35,-35
-2,10,-49,45,-14,7,-40,-11,-17,34,-1,-21,-48,-25,28,-263,14,-28,32,-18,27,-21,-34
-10,3,-45,24,-16,-1,-27,-15,-10,25,8,-24,-39,-30,23,-263,6,-37,26,-19,29,-7,-32
-20,-8,-38,-3,-21,-15,-15,-20,-12,11,14,-27,-32,-36,10,-270,-7,-51,18,-21,25,7,-31
-29,-22,-34,-29,-23,-33,-5,-28,-18,-2,13,-30,-30,-40,-7,-282,-21,-63,9,-26,17,21,-31
-39,-42,-41,-55,-28,-57,-6,-45,-33,-18,1,-39,-38,-46,-29,-301,-40,-74,-8,-40,0,25,-32
-52,-66,-55,-81,-42,-84,-20,-69,-60,-39,-22,-54,-58,-55,-54,-326,-64,-85,-36,-64,-25,12,-36
-57,-85,-63,-96,-58,-99,-37,-90,-86,-55,-47,-65,-74,-57,-73,-347,-83,-84,-63,-87,-48,-9,-40
-48,-87,-56,-93,-65,-92,-44,-97,-95,-60,-57,-63,-76,-46,-75,-353,-85,-64,-74,-93,-60,-24,-43
-31,-75,-35,-75,-62,-65,-43,-90,-86,-55,-49,-47,-64,-30,-62,-347,-70,-33,-68,-82,-62,-27,-41
-19,-57,-6,-52,-51,-31,-36,-72,-68,-43,-28,-26,-41,-15,-45,-337,-48,-3,-54,-63,-60,-21,-36
-19,-44,20,-35,-41,-2,-29,-47,-49,-33,-8,-11,-14,-8,-35,-330,-29,16,-41,-44,-60,-11,-33
-30,-40,34,-24,-33,17,-23,-21,-33,-25,3,-5,13,-9,-34,-327,-17,21,-34,-31,-62,-1,-35
-41,-39,41,-16,-26,32,-16,6,-19,-19,8,2,39,-12,-35,-321,-9,22,-27,-18,-58,10,-39
-41,-31,47,-4,-14,48,-4,38,-3,-10,15,17,65,-8,-30,-306,2,28,-15,1,-44,21,-41
-28,-14,54,13,1,64,12,69,16,2,25,40,90,5,-18,-284,17,39,5,22,-19,35,-41
-3,9,56,33,19,79,30,93,38,14,38,66,108,23,0,-256,32,51,30,42,15,50,-40
29,36,55,54,39,92,48,105,60,28,53,91,117,42,25,-224,48,63,57,57,53,66,-38
59,61,51,72,55,95,60,107,77,43,64,105,116,61,50,-195,59,69,79,65,84,78,-33
74,73,43,81,60,85,61,94,83,52,63,100,104,72,66,-180,61,61,89,61,100,77,-29
75,73,29,85,55,69,52,74,80,57,54,79,83,77,71,-179,52,43,86,48,100,66,-27
72,66,20,87,49,58,38,57,75,61,44,57,58,77,73,-187,42,27,78,34,91,48,-27
66,58,18,86,44,51,21,46,71,65,38,41,29,74,73,-202,35,17,68,23,76,29,-29
52,45,13,76,37,40,1,36,61,64,32,28,-2,61,65,-223,26,8,55,7,54,8,-33
29,24,-1,52,25,22,-22,19,46,55,25,14,-33,37,47,-245,12,-4,34,-17,28,-11,-40
3,2,-21,21,11,-1,-42,-1,26,41,16,2,-59,8,24,-265,-5,-19,13,-45,1,-26,-46
-16,-15,-35,-8,0,-22,-50,-18,4,27,10,-8,-74,-17,2,-280,-18,-34,-1,-68,-19,-32,-49
-24,-22,-37,-27,-3,-38,-43,-25,-12,17,12,-13,-73,-31,-12,-285,-23,-44,-5,-76,-30,-28,-45
-17,-20,-29,-33,3,-43,-25,-21,-18,14,23,-13,-58,-29,-18,-283,-21,-48,-3,-67,-28,-14,-37
0,-14,-17,-31,14,-39,-3,-13,-15,13,35,-9,-39,-18,-17,-281,-16,-48,-2,-48,-17,2,-30
19,-9,-5,-29,22,-32,16,-8,-6,9,43,-2,-22,-6,-15,-282,-11,-44,-6,-30,-2,14,-27
30,-7,1,-30,21,-30,24,-11,2,2,42,4,-10,3,-14,-285,-8,-40,-16,-19,9,18,-27
30,-11,-1,-34,9,-31,19,-21,5,-8,31,9,-3,10,-19,-289,-8,-36,-30,-18,11,11,-29
21,-19,-10,-40,-10,-33,4,-35,-1,-21,12,10,-3,12,-29,-294,-9,-35,-42,-27,5,-5,-33
7,-29,-21,-46,-33,-37,-17,-50,-17,-37,-9,9,-10,9,-42,-303,-10,-38,-49,-41,-10,-27,-38
-12,-40,-33,-53,-55,-43,-42,-61,-40,-54,-32,4,-22,0,-55,-312,-13,-45,-52,-53,-33,-50,-42
-29,-50,-45,-61,-75,-48,-67,-69,-59,-71,-54,-5,-35,-12,-66,-315,-17,-53,-49,-56,-61,-69,-45
-41,-55,-57,-70,-87,-50,-83,-73,-65,-84,-70,-16,-44,-24,-68,-311,-22,-55,-43,-49,-84,-79,-46
-46,-53,-66,-75,-91,-50,-89,-70,-61,-90,-81,-27,-45,-34,-60,-297,-23,-49,-36,-31,-99,-80,-44
-45,-43,-68,-74,-90,-50,-83,-60,-49,-89,-87,-40,-41,-39,-46,-277,-21,-34,-29,-7,-101,-74,-39
-39,-27,-61,-63,-82,-49,-68,-43,-37,-80,-86,-54,-34,-38,-28,-253,-13,-13,-21,17,-91,-65,-33
-28,-7,-45,-38,-66,-44,-46,-23,-28,-64,-80,-66,-26,-27,-7,-227,-1,9,-14,37,-68,-54,-29
-10,15,-23,-3,-44,-40,-19,-4,-24,-43,-69,-75,-21,-10,15,-204,13,27,-7,50,-37,-41,-26
10,34,-2,30,-23,-38,2,9,-25,-21,-59,-80,-21,9,33,-188,25,36,1,52,-7,-29,-23
30,45,11,50,-6,-39,13,15,-28,-2,-50,-83,-28,24,44,-181,27,34,6,43,13,-19,-20
45,50,17,56,7,-40,15,13,-30,14,-43,-82,-36,35,51,-182,21,25,11,28,23,-9,-15
55,47,14,52,16,-43,14,5,-32,26,-37,-80,-43,39,53,-187,7,14,13,9,27,2,-11
55,37,4,34,20,-50,8,-10,-38,31,-34,-78,-53,33,49,-198,-12,-3,10,-13,24,9,-10
42,17,-14,5,13,-65,-1,-31,-51,22,-40,-81,-68,16,35,-216,-35,-27,-2,-39,14,9,-14
19,-9,-36,-29,-5,-86,-11,-58,-67,1,-51,-86,-85,-10,12,-236,-58,-54,-23,-66,2,1,-21
-8,-33,-56,-59,-27,-108,-20,-85,-81,-23,-63,-91,-98,-37,-14,-250,-74,-76,-48,-90,-9,-13,-29
-32,-52,-71,-85,-48,-124,-27,-106,-93,-44,-74,-94,-106,-58,-37,-261,-82,-86,-72,-109,-22,-30,-34
-51,-65,-78,-106,-67,-131,-33,-121,-106,-60,-82,-96,-111,-70,-58,-272,-84,-84,-96,-121,-38,-49,-38
-64,-74,-78,-121,-80,-131,-41,-131,-120,-72,-91,-97,-114,-73,-74,-286,-86,-73,-117,-125,-57,-66,-38
-69,-79,-71,-128,-86,-126,-52,-137,-133,-79,-98,-98,-116,-69,-84,-300,-88,-58,-132,-121,-79,-80,-33
-67,-81,-61,-132,-89,-123,-69,-143,-147,-88,-107,-99,-120,-61,-89,-313,-94,-47,-143,-113,-101,-91,-25
-67,-84,-57,-137,-98,-126,-92,-148,-162,-103,-119,-101,-130,-58,-96,-328,-106,-46,-152,-102,-122,-104,-13
-71,-90,-61,-143,-114,-132,-117,-152,-175,-126,-132,-102,-140,-62,-105,-339,-120,-52,-159,-91,-135,-121,-1
-74,-90,-66,-141,-126,-130,-129,-145,-174,-143,-136,-95,-139,-66,-106,-338,-124,-53,-154,-75,-135,-131,8
-69,-77,-66,-125,-123,-111,-120,-122,-155,-143,-126,-74,-116,-61,-93,-317,-110,-37,-131,-46,-119,-128,11
-60,-56,-58,-98,-105,-79,-93,-86,-123,-131,-106,-47,-79,-49,-70,-286,-85,-13,-95,-9,-92,-113,7
-53,-37,-44,-68,-80,-45,-61,-49,-84,-112,-86,-23,-39,-39,-46,-256,-59,7,-58,27,-64,-91,-2
-45,-20,-26,-38,-54,-12,-31,-12,-42,-89,-65,-7,0,-29,-24,-229,-33,18,-24,58,-36,-62,-9
-32,-2,-6,-8,-25,19,-6,25,2,-62,-43,6,38,-18,-1,-206,-6,22,7,82,-9,-28,-9
-16,18,11,18,5,45,14,60,42,-33,-20,17,69,-6,18,-188,16,21,31,97,16,3,-1
1,35,22,42,30,66,33,89,74,-7,3,25,91,6,34,-174,32,18,46,102,35,30,14
20,48,28,64,53,80,54,108,95,16,25,29,104,15,46,-163,42,12,56,98,46,49,32
39,55,30,79,72,84,73,114,105,33,40,27,104,19,51,-155,42,4,59,85,47,60,49
50,51,27,80,84,72,82,101,100,41,44,18,89,14,46,-158,29,-11,51,63,41,58,63
47,34,23,66,83,44,76,72,81,37,35,3,61,-3,31,-173,4,-35,32,33,31,47,72
35,13,20,41,72,12,60,35,56,26,19,-12,30,-26,11,-194,-24,-60,10,2,25,32,80
22,-3,16,13,57,-13,42,3,33,15,6,-17,7,-45,-8,-214,-45,-73,-8,-23,27,20,84
12,-10,14,-9,44,-23,28,-14,19,10,6,-6,-3,-53,-19,-228,-56,-66,-14,-36,36,13,87
8,-10,13,-16,36,-19,21,-16,15,13,16,15,-6,-50,-23,-236,-56,-45,-11,-37,47,14,92
7,-10,10,-13,29,-9,19,-9,13,19,30,36,-7,-41,-22,-241,-48,-23,-3,-33,51,16,105
5,-13,4,-9,22,-2,15,-5,5,23,39,47,-13,-32,-23,-248,-39,-11,-1,-31,44,13,132
-1,-20,-2,-10,13,-3,4,-9,-14,21,38,48,-25,-27,-26,-258,-33,-10,-9,-34,26,0,173
-8,-26,-1,-14,5,-10,-8,-20,-39,16,30,45,-40,-25,-29,-264,-27,-16,-24,-39,4,-15,223
-11,-24,10,-19,-1,-15,-18,-33,-62,9,21,43,-50,-21,-27,-262,-19,-20,-35,-39,-16,-27,272
-6,-16,24,-25,-10,-14,-26,-45,-78,1,14,40,-54,-15,-22,-253,-10,-22,-43,-38,-36,-37,310
2,-8,31,-32,-23,-11,-35,-55,-86,-9,6,35,-56,-8,-17,-245,-4,-21,-49,-38,-56,-46,327
12,0,31,-34,-35,-9,-43,-57,-82,-17,0,27,-52,-1,-11,-236,-1,-21,-50,-36,-70,-53,318
21,8,26,-28,-41,-7,-47,-46,-69,-20,-6,17,-40,7,-4,-226,3,-22,-44,-30,-76,-55,292
25,15,19,-19,-44,-4,-47,-30,-52,-23,-15,5,-22,16,4,-217,5,-26,-36,-20,-73,-57,255
23,20,14,-9,-40,1,-45,-12,-34,-29,-26,-8,-3,22,11,-207,4,-27,-28,-5,-60,-59,210
19,28,16,6,-28,11,-38,9,-12,-31,-35,-14,20,27,19,-192,5,-18,-17,16,-38,-51,158
19,38,21,26,-8,27,-25,27,13,-28,-38,-13,41,30,28,-174,10,3,-2,41,-10,-32,102
20,42,20,40,13,43,-14,33,34,-23,-40,-11,53,28,32,-162,15,25,13,61,13,-9,45
14,34,6,41,26,47,-11,23,41,-21,-46,-15,47,14,25,-165,15,36,18,64,22,2,-10
1,15,-15,30,31,33,-17,4,35,-21,-53,-24,25,-7,9,-178,7,29,16,49,18,0,-58
-10,-1,-31,17,35,11,-22,-11,24,-16,-54,-32,-2,-24,-5,-189,-2,12,15,26,12,-6,-92
-9,-5,-29,12,44,-3,-18,-11,21,-3,-42,-33,-24,-24,-4,-191,-4,-4,23,10,13,-6,-106
4,6,-10,18,58,-6,-4,4,28,15,-21,-27,-35,-8,13,-182,-1,-13,37,2,23,3,-106
25,24,16,31,71,-2,13,27,42,35,-1,-20,-36,15,36,-169,3,-15,50,-1,37,21,-98
46,39,37,45,78,3,32,47,55,50,14,-14,-30,34,56,-157,2,-12,53,1,49,42,-92
57,43,46,49,77,6,45,55,59,56,19,-10,-23,37,61,-155,-7,-8,42,3,52,58,-92
53,32,42,40,64,1,47,46,50,45,12,-8,-21,21,48,-168,-27,-8,14,-1,41,61,-100
33,7,31,18,41,-13,38,24,27,22,-3,-10,-25,-10,18,-196,-54,-15,-23,-13,18,52,-116
7,-21,20,-11,15,-27,23,-1,2,-6,-18,-12,-27,-43,-15,-227,-78,-24,-58,-27,-10,36,-138
-16,-43,13,-37,-8,-37,7,-21,-17,-29,-28,-13,-25,-64,-42,-251,-92,-26,-83,-37,-37,21,-159
-26,-52,10,-55,-23,-39,-6,-32,-24,-43,-32,-13,-19,-68,-55,-261,-89,-18,-95,-39,-57,9,-157
-24,-48,10,-60,-29,-33,-17,-36,-25,-46,-34,-10,-11,-58,-55,-257,-74,-5,-92,-34,-70,-3,-90
-15,-37,14,-55,-29,-23,-26,-35,-25,-42,-35,-6,-5,-40,-46,-244,-53,8,-80,-24,-77,-14,99
-4,-21,23,-41,-24,-8,-33,-29,-26,-34,-32,0,-3,-19,-33,-227,-31,18,-62,-11,-77,-23,462
7,-3,37,-15,-11,12,-31,-17,-23,-22,-20,11,3,4,-15,-208,-11,25,-41,6,-66,-24,1013
18,19,59,22,10,35,-17,0,-13,-6,2,26,16,29,7,-185,10,32,-15,29,-45,-18,1679
28,41,80,61,31,54,4,21,4,12,26,37,34,50,29,-162,30,38,11,53,-20,-7,2296
38,60,92,93,45,64,27,41,25,28,47,40,54,65,47,-138,47,44,33,75,1,5,2659
51,78,93,116,53,68,43,57,48,42,61,39,71,74,62,-114,62,54,51,94,17,16,2613
67,96,87,130,56,68,49,67,67,55,68,37,82,81,75,-92,75,65,66,105,27,26,2134
79,108,75,133,54,64,44,69,77,61,66,31,81,83,83,-80,81,68,76,101,32,30,1361
81,109,57,123,48,60,31,64,79,59,56,21,67,79,86,-80,79,59,81,84,35,30,532
72,99,35,105,43,55,21,51,78,52,43,10,47,71,83,-86,68,39,80,61,43,27,-123
53,78,11,80,39,47,18,32,77,40,30,1,26,55,74,-96,52,13,75,37,52,23,-476
25,46,-18,46,32,30,18,4,72,20,14,-9,4,27,53,-111,30,-16,64,11,55,17,-541
-9,6,-51,5,18,3,14,-28,60,-7,-6,-16,-18,-10,20,-131,3,-44,49,-18,47,11,-438
-42,-35,-81,-37,1,-25,6,-54,43,-35,-25,-18,-35,-46,-18,-155,-27,-65,32,-48,32,8,-305
-68,-68,-99,-69,-11,-44,-2,-68,24,-53,-36,-12,-43,-72,-51,-179,-53,-73,17,-75,16,12,-224
-79,-88,-98,-83,-15,-50,-5,-66,9,-60,-31,2,-40,-80,-71,-198,-70,-70,8,-94,7,20,-201
-72,-91,-77,-79,-8,-40,4,-48,2,-52,-10,21,-28,-72,-72,-208,-72,-55,8,-99,10,32,-208
-51,-78,-42,-61,5,-20,23,-20,2,-33,22,42,-11,-53,-60,-209,-63,-34,13,-88,20,45,-219
-23,-60,-5,-41,14,0,42,4,0,-14,51,58,6,-35,-44,-204,-49,-14,14,-70,29,50,-225
1,-44,20,-29,13,11,49,14,-9,-4,69,64,15,-28,-33,-201,-38,-2,4,-56,25,44,-233
17,-30,31,-25,5,16,44,13,-24,-3,72,61,16,-27,-27,-201,-28,-1,-14,-47,10,27,-244
23,-19,34,-26,-5,19,32,11,-40,-6,60,54,14,-26,-22,-202,-20,-2,-32,-42,-10,2,-254
18,-13,34,-28,-13,22,13,7,-51,-11,40,40,7,-23,-19,-207,-13,-3,-46,-41,-31,-28,-257
3,-14,26,-32,-24,19,-15,-2,-59,-21,12,18,-8,-23,-24,-217,-13,-3,-60,-44,-54,-60,-249
-15,-19,14,-35,-37,11,-47,-15,-62,-31,-16,-5,-27,-24,-30,-227,-17,-1,-69,-50,-75,-85,-233
-21,-16,9,-27,-45,9,-67,-21,-54,-33,-35,-17,-36,-19,-29,-226,-17,10,-64,-46,-84,-93,-214
-9,-1,11,-6,-43,18,-68,-11,-34,-22,-41,-15,-29,-7,-15,-209,-7,30,-42,-28,-76,-78,-193
11,21,13,22,-32,32,-54,8,-9,-6,-36,-7,-9,10,6,-181,8,49,-12,-2,-55,-45,-172
28,42,13,52,-16,44,-33,30,15,9,-25,2,12,26,31,-150,24,62,18,27,-27,-9,-148
37,57,14,76,5,49,-9,52,37,21,-11,11,30,41,54,-119,36,71,45,55,4,22,-121
34,62,15,86,23,44,10,66,51,27,-1,14,38,49,66,-94,40,75,63,74,32,44,-95
22,53,10,77,28,25,13,61,55,20,-2,7,31,44,62,-80,30,71,66,75,50,53,-75
8,36,0,56,21,-2,6,43,50,6,-12,-5,14,30,45,-76,12,59,58,61,57,54,-61
4,22,-6,35,13,-26,3,22,45,-6,-23,-10,2,14,28,-74,-3,45,51,47,60,55,-46
10,17,-9,19,9,-41,11,5,40,-12,-28,-7,-1,-1,14,-73,-9,32,50,39,62,61,-23
15,12,-16,5,5,-53,19,-12,33,-20,-33,-5,-2,-17,-2,-81,-16,13,46,33,61,62,4
7,-2,-31,-14,-5,-67,18,-34,18,-31,-38,-9,-11,-32,-19,-100,-29,-12,31,21,50,54,30
-9,-18,-47,-35,-17,-78,10,-56,1,-40,-41,-16,-23,-40,-31,-127,-44,-33,10,4,34,42,58
-23,-30,-56,-53,-30,-81,2,-71,-14,-41,-39,-20,-32,-37,-34,-150,-54,-43,-10,-15,21,30,90
-29,-36,-56,-68,-42,-77,-3,-78,-25,-34,-35,-23,-37,-25,-31,-166,-58,-44,-24,-36,9,19,125
-28,-37,-49,-78,-52,-73,-4,-77,-36,-28,-30,-26,-41,-13,-27,-175,-55,-39,-36,-59,-3,8,162
-25,-36,-42,-81,-59,-72,-2,-74,-48,-26,-27,-27,-47,-4,-26,-178,-47,-34,-44,-79,-16,-6,199
-23,-36,-38,-80,-62,-73,0,-70,-62,-31,-25,-25,-56,-5,-31,-179,-38,-31,-53,-93,-29,-22,238
-26,-38,-41,-79,-64,-73,-4,-73,-74,-40,-27,-24,-66,-14,-42,-179,-35,-31,-63,-102,-42,-39,279
-29,-42,-44,-75,-65,-65,-13,-81,-80,-51,-32,-23,-75,-24,-54,-183,-38,-29,-77,-105,-54,-55,325
-26,-40,-39,-63,-61,-43,-21,-85,-77,-54,-34,-19,-72,-27,-57,-186,-38,-18,-86,-96,-60,-60,378
-9,-24,-16,-38,-49,-6,-18,-74,-58,-42,-29,-7,-51,-15,-43,-184,-27,4,-83,-74,-55,-52,439
21,8,24,1,-22,38,-4,-45,-27,-13,-12,15,-14,8,-15,-173,-2,36,-65,-38,-38,-31,503
56,48,67,48,16,78,15,-2,9,20,12,42,25,36,21,-155,30,69,-37,7,-12,-7,567
85,87,99,91,54,104,28,42,38,48,35,63,54,59,54,-135,61,94,-6,50,15,10,626
101,112,109,118,80,110,28,78,55,63,47,71,64,70,74,-116,82,101,17,81,35,16,678
99,116,95,121,85,95,15,94,55,61,44,60,52,64,76,-106,83,87,26,89,39,9,725
82,98,62,104,70,65,-5,89,40,42,24,31,24,44,60,-108,64,53,17,75,24,-9,767
56,67,24,76,44,27,-25,67,16,15,-8,-10,-13,18,35,-122,35,11,-1,44,-4,-32,804
33,37,-1,50,24,-4,-35,43,-5,-5,-39,-47,-43,0,16,-136,11,-25,-17,12,-29,-47,835
21,23,-8,39,19,-22,-32,29,-14,-6,-54,-71,-58,-4,12,-138,0,-47,-19,-4,-39,-46,859
16,22,-6,38,28,-28,-21,20,-12,6,-53,-81,-57,2,19,-129,-2,-54,-8,-2,-30,-37,872
9,21,-7,33,37,-31,-13,11,-9,18,-47,-85,-51,4,23,-118,-5,-54,6,5,-14,-29,866
-5,12,-16,14,34,-40,-8,-3,-10,20,-43,-87,-45,-5,17,-114,-15,-56,14,9,0,-27,840
-23,-6,-28,-14,22,-51,-1,-18,-15,12,-41,-87,-38,-22,2,-118,-31,-59,12,7,7,-26,798
-38,-27,-37,-41,10,-60,11,-29,-20,0,-38,-80,-28,-37,-15,-128,-48,-62,5,0,9,-20,743
-44,-42,-38,-58,7,-61,28,-32,-19,-9,-30,-64,-16,-42,-26,-142,-58,-58,-1,-5,11,-5,672
-38,-46,-30,-63,13,-53,43,-29,-11,-10,-15,-44,-1,-33,-27,-154,-57,-48,-2,-7,16,19,583
-25,-43,-20,-60,18,-41,47,-26,-1,-7,4,-28,14,-17,-25,-161,-50,-36,-5,-10,22,41,475
-15,-38,-15,-56,12,-30,36,-32,3,-6,19,-20,22,-3,-25,-168,-42,-31,-12,-18,22,50,346
-15,-37,-17,-56,-7,-24,12,-43,0,-13,23,-17,20,-1,-32,-179,-35,-31,-26,-32,10,44,204
-25,-41,-25,-61,-33,-20,-16,-55,-9,-27,13,-15,13,-10,-42,-195,-30,-32,-42,-47,-13,26,57
-40,-48,-32,-68,-56,-17,-42,-61,-21,-44,-7,-9,3,-26,-51,-211,-28,-32,-56,-57,-42,1,-83
-56,-53,-35,-69,-69,-12,-64,-60,-33,-56,-25,1,-4,-38,-55,-224,-26,-27,-64,-58,-68,-22,-208
-68,-52,-35,-61,-74,-5,-84,-51,-44,-58,-37,13,-11,-40,-53,-230,-23,-18,-62,-52,-86,-39,-320
-71,-44,-35,-49,-76,0,-102,-38,-54,-52,-41,17,-16,-33,-45,-226,-19,-9,-54,-46,-96,-50,-419
-62,-30,-31,-32,-76,5,-114,-25,-59,-38,-36,10,-19,-16,-32,-209,-10,-2,-43,-42,-96,-60,-504
-41,-8,-21,-8,-73,11,-113,-11,-55,-18,-23,-2,-20,3,-14,-180,7,5,-29,-39,-86,-68,-577
-10,19,-4,21,-60,22,-98,8,-40,5,-7,-9,-18,20,10,-146,30,10,-10,-32,-69,-70,-637
21,45,15,49,-41,34,-76,28,-20,24,6,-11,-15,28,34,-114,52,11,8,-21,-51,-67,-686
41,60,24,70,-22,41,-58,40,-2,32,12,-10,-15,24,49,-93,62,5,20,-12,-35,-62,-723
48,59,18,80,-11,39,-51,41,5,30,12,-12,-21,12,53,-88,62,-8,23,-10,-24,-58,-752
44,47,-2,81,-10,28,-54,32,1,21,7,-16,-32,-1,47,-97,52,-28,20,-17,-18,-52,-774
32,27,-25,72,-19,10,-60,20,-13,10,-3,-26,-46,-11,35,-111,35,-51,14,-32,-14,-44,-788
16,6,-41,55,-31,-10,-62,8,-31,1,-15,-41,-61,-16,22,-124,14,-73,8,-50,-12,-35,-792
1,-10,-47,33,-41,-26,-54,-5,-46,-6,-28,-55,-74,-16,9,-135,-10,-89,1,-64,-10,-27,-788
-14,-20,-44,7,-46,-38,-40,-20,-56,-12,-40,-62,-83,-16,-4,-147,-33,-100,-4,-73,-7,-23,-779
-30,-30,-39,-22,-49,-48,-32,-41,-61,-21,-54,-67,-90,-22,-19,-161,-57,-106,-13,-81,-7,-26,-768
-47,-42,-39,-51,-55,-61,-36,-67,-68,-34,-69,-75,-96,-33,-37,-176,-76,-108,-29,-92,-13,-35,-757
-59,-54,-49,-78,-62,-78,-50,-97,-76,-50,-80,-84,-100,-45,-56,-191,-87,-107,-49,-106,-27,-50,-744
-66,-66,-65,-101,-70,-100,-73,-126,-88,-69,-92,-96,-105,-54,-73,-204,-93,-107,-74,-124,-46,-69,-732
-73,-79,-84,-124,-85,-128,-101,-152,-107,-90,-109,-111,-115,-64,-90,-216,-102,-114,-105,-145,-73,-92,-720
-83,-91,-102,-146,-105,-155,-128,-173,-130,-111,-127,-126,-131,-74,-105,-227,-114,-125,-137,-165,-105,-114,-706
-89,-94,-111,-161,-128,-167,-145,-182,-149,-122,-135,-130,-144,-79,-108,-234,-122,-130,-161,-170,-131,-130,-689
-85,-84,-105,-162,-147,-158,-145,-176,-157,-118,-127,-117,-145,-77,-96,-232,-114,-121,-165,-157,-144,-133,-670
-73,-63,-86,-145,-154,-129,-133,-155,-152,-99,-106,-92,-130,-68,-71,-219,-90,-100,-151,-129,-143,-126,-651
-54,-41,-58,-115,-148,-93,-115,-125,-138,-73,-78,-66,-104,-53,-43,-198,-54,-71,-127,-95,-135,-113,-637
-35,-24,-32,-79,-133,-60,-97,-92,-120,-51,-52,-47,-70,-36,-21,-175,-18,-42,-104,-63,-124,-101,-626
-25,-17,-14,-50,-114,-37,-84,-63,-105,-44,-36,-40,-41,-20,-12,-156,5,-21,-89,-40,-114,-94,-618
-25,-18,-6,-31,-97,-26,-77,-40,-91,-50,-34,-45,-23,-6,-14,-141,12,-7,-85,-29,-105,-91,-611
-28,-18,-3,-20,-80,-17,-68,-21,-76,-59,-37,-54,-11,10,-17,-125,11,4,-82,-23,-94,-84,-601
-25,-13,-1,-11,-64,-4,-52,-4,-58,-62,-36,-57,-1,27,-13,-109,12,16,-69,-13,-79,-70,-585
-17,-3,-3,-7,-50,8,-35,9,-40,-58,-32,-55,3,38,-6,-96,14,26,-45,-3,-62,-53,-562
-12,0,-16,-12,-41,12,-26,8,-31,-54,-35,-56,-7,33,-6,-94,9,23,-24,-2,-49,-46,-540
-17,-12,-40,-26,-37,1,-30,-8,-34,-54,-51,-64,-33,9,-20,-106,-10,6,-17,-17,-42,-54,-523
-33,-36,-72,-46,-37,-21,-44,-32,-47,-61,-74,-79,-66,-29,-45,-128,-38,-20,-24,-44,-41,-72,-509
-59,-64,-105,-69,-41,-47,-65,-53,-65,-70,-95,-95,-98,-70,-70,-151,-66,-44,-38,-73,-41,-88,-498
-87,-86,-128,-87,-46,-69,-80,-67,-81,-78,-105,-107,-122,-102,-87,-165,-85,-61,-51,-95,-39,-96,-488
-111,-98,-135,-97,-48,-83,-84,-73,-88,-79,-103,-109,-133,-117,-90,-166,-92,-70,-56,-107,-35,-94,-480
-123,-99,-127,-99,-47,-90,-76,-73,-85,-74,-91,-101,-130,-117,-81,-157,-87,-71,-51,-108,-30,-83,-472
-125,-96,-117,-101,-48,-99,-66,-74,-77,-69,-75,-91,-123,-106,-69,-145,-79,-73,-45,-103,-31,-73,-462
-119,-97,-113,-109,-55,-109,-58,-85,-70,-69,-64,-83,-121,-95,-64,-138,-76,-78,-45,-98,-35,-68,-452
-109,-101,-112,-122,-67,-118,-54,-102,-67,-71,-59,-79,-120,-87,-66,-136,-77,-85,-53,-95,-43,-64,-443
-96,-106,-109,-133,-80,-123,-51,-118,-70,-72,-56,-74,-114,-80,-70,-140,-74,-84,-64,-89,-54,-58,-431
-84,-109,-105,-143,-95,-126,-52,-128,-79,-71,-55,-69,-100,-73,-73,-150,-67,-75,-75,-79,-67,-50,-416
-82,-115,-100,-152,-113,-129,-58,-136,-97,-72,-59,-68,-85,-68,-77,-164,-61,-66,-86,-71,-83,-52,-399
-92,-124,-95,-162,-135,-135,-70,-143,-119,-78,-68,-72,-74,-70,-87,-180,-61,-62,-98,-70,-102,-67,-386
-108,-133,-87,-168,-157,-140,-81,-143,-137,-86,-80,-79,-65,-75,-98,-193,-66,-62,-111,-73,-120,-89,-377
-119,-134,-78,-162,-170,-135,-85,-133,-141,-90,-88,-82,-53,-77,-104,-195,-68,-61,-118,-70,-130,-105,-368
-117,-123,-69,-143,-169,-117,-80,-111,-129,-86,-85,-79,-39,-73,-100,-186,-62,-55,-116,-57,-128,-105,-357
-103,-101,-57,-113,-153,-89,-67,-79,-104,-75,-70,-68,-21,-61,-86,-168,-47,-43,-104,-34,-112,-89,-344
-77,-70,-41,-72,-122,-55,-45,-42,-73,-56,-46,-46,1,-40,-62,-145,-25,-24,-82,-5,-87,-60,-330
-49,-36,-26,-30,-84,-22,-20,-5,-42,-31,-20,-18,26,-12,-32,-120,-2,-3,-52,25,-55,-27,-315
-30,-10,-19,3,-49,2,-3,21,-18,-12,0,3,41,13,-7,-97,11,11,-22,43,-26,-7,-304
-24,5,-20,19,-25,15,3,32,-4,-2,13,11,44,26,9,-78,11,16,3,47,-6,-2,-301
-23,12,-25,27,-9,24,3,34,8,2,19,11,41,33,20,-62,6,15,23,43,9,-3,-303
-21,15,-31,30,3,35,0,32,21,6,21,9,33,37,29,-51,0,12,40,37,21,-3,-303
-21,11,-41,23,4,39,-12,23,31,2,15,0,16,31,30,-53,-10,1,47,27,27,-6,-300
-29,-6,-58,5,-6,27,-35,6,30,-14,1,-17,-12,12,18,-71,-29,-20,40,9,23,-16,-295
-43,-30,-74,-19,-24,0,-60,-16,19,-35,-17,-38,-42,-16,-4,-99,-52,-48,24,-14,11,-29,-291
-58,-56,-85,-42,-41,-31,-78,-34,4,-52,-36,-57,-65,-44,-28,-124,-74,-74,8,-38,0,-40,-285
-71,-77,-88,-61,-51,-58,-84,-46,-10,-61,-50,-72,-77,-68,-48,-138,-86,-89,-5,-59,-8,-50,-278
-80,-90,-87,-76,-52,-77,-80,-54,-22,-64,-58,-82,-82,-85,-61,-143,-88,-92,-15,-75,-15,-57,-272
-85,-99,-87,-88,-46,-89,-74,-64,-36,-65,-65,-86,-86,-91,-68,-145,-84,-86,-27,-85,-24,-63,-265
-87,-104,-91,-99,-43,-94,-70,-80,-55,-64,-74,-84,-92,-88,-72,-151,-79,-78,-44,-93,-36,-69,-258
-90,-108,-102,-112,-50,-98,-75,-104,-82,-68,-85,-81,-102,-83,-79,-164,-77,-76,-67,-102,-56,-77,-251
-98,-114,-118,-130,-73,-110,-91,-131,-115,-79,-98,-82,-113,-85,-96,-183,-82,-84,-96,-114,-85,-87,-249
-109,-122,-135,-146,-105,-128,-109,-155,-146,-96,-108,-88,-123,-93,-117,-204,-91,-98,-124,-126,-119,-94,-251
-114,-123,-141,-152,-133,-137,-118,-165,-164,-106,-109,-87,-119,-98,-131,-219,-97,-107,-142,-130,-143,-91,-253
-107,-112,-131,-141,-146,-129,-108,-153,-159,-105,-98,-74,-96,-96,-129,-221,-91,-104,-142,-119,-147,-75,-252
-90,-93,-106,-121,-144,-107,-87,-127,-136,-97,-80,-52,-64,-89,-114,-215,-79,-89,-129,-93,-134,-55,-251
-72,-74,-79,-95,-133,-80,-67,-99,-107,-91,-66,-28,-33,-78,-94,-207,-69,-66,-111,-57,-114,-40,-253
-55,-55,-53,-67,-116,-51,-51,-74,-79,-82,-57,-7,-6,-60,-71,-197,-59,-38,-88,-18,-92,-31,-256
-35,-35,-30,-37,-95,-23,-40,-47,-51,-68,-48,11,19,-34,-43,-180,-46,-7,-59,18,-67,-23,-260
-14,-13,-9,-9,-67,3,-29,-16,-23,-49,-36,22,40,-5,-14,-152,-26,26,-25,49,-41,-11,-263
7,9,6,15,-36,26,-16,17,6,-28,-18,30,55,26,15,-114,-4,55,9,73,-15,5,-264
24,28,17,35,-7,46,-1,44,34,-8,3,35,63,54,41,-76,15,77,39,88,11,24,-260
33,42,23,48,17,60,13,60,56,7,23,36,62,70,59,-43,27,84,59,90,32,40,-251
36,50,25,51,32,65,20,63,70,13,34,29,52,70,64,-22,29,78,68,82,46,49,-239
32,52,21,48,41,62,19,54,74,13,33,16,35,59,58,-13,22,62,66,72,51,50,-229
23,47,12,43,47,49,14,39,72,9,23,0,15,42,44,-14,9,41,56,58,48,47,-225
13,40,3,35,55,30,7,26,66,6,8,-14,-3,23,31,-19,-3,21,45,43,42,44,-226
7,33,-2,26,67,12,5,23,63,7,-3,-16,-11,8,26,-22,-10,8,38,31,38,46,-226
9,28,-4,17,81,3,10,28,63,10,-6,-7,-8,-2,29,-24,-11,1,36,25,37,53,-224
11,21,-8,7,87,-2,15,32,61,9,-2,4,0,-10,35,-26,-13,-7,35,17,36,57,-222
8,8,-16,-5,78,-6,14,29,51,2,0,10,5,-19,33,-37,-19,-20,29,4,27,53,-217
2,-6,-23,-17,57,-10,7,22,33,-6,-2,8,4,-27,24,-56,-26,-35,16,-13,10,41,-210
-3,-20,-28,-28,30,-17,0,11,10,-17,-8,1,-5,-33,7,-83,-35,-49,-3,-28,-13,25,-204
-8,-32,-30,-37,3,-27,-6,-2,-14,-27,-15,-9,-18,-35,-15,-111,-48,-59,-26,-42,-36,8,-201
-9,-38,-26,-39,-18,-35,-5,-14,-33,-33,-21,-15,-28,-32,-32,-131,-58,-62,-48,-49,-51,-7,-200
-2,-34,-13,-34,-28,-35,4,-20,-42,-30,-20,-11,-29,-22,-38,-136,-58,-50,-60,-46,-55,-14,-198
13,-21,4,-24,-29,-26,18,-21,-40,-21,-13,1,-20,-10,-35,-130,-49,-27,-60,-34,-48,-17,-196
27,-6,21,-15,-29,-11,28,-20,-32,-13,-4,13,-6,-1,-28,-117,-36,-1,-53,-18,-39,-20,-197
37,6,39,-5,-30,6,32,-18,-23,-7,2,23,9,6,-19,-104,-21,24,-41,-2,-33,-22,-200
43,16,57,5,-32,19,30,-14,-14,-3,7,28,23,13,-9,-93,-7,46,-26,14,-31,-21,-202
44,24,69,13,-35,28,26,-9,-2,-2,10,29,35,19,2,-85,4,64,-11,31,-28,-15,-199
41,31,70,21,-36,34,22,0,11,-2,12,28,44,25,13,-76,12,76,3,49,-19,-5,-192
37,40,62,33,-28,42,23,15,29,1,15,29,54,34,26,-59,22,84,19,68,0,13,-180
38,54,52,52,-7,55,31,39,53,11,24,37,68,46,42,-33,37,96,42,89,30,39,-165
44,72,45,75,26,68,44,70,78,26,37,50,81,59,57,-1,55,112,72,108,62,70,-148
53,85,44,97,61,79,53,99,96,40,52,64,89,66,67,26,68,126,97,120,88,97,-134
61,90,50,113,90,84,58,117,101,47,64,73,90,64,68,42,71,129,112,121,102,111,-124
69,89,59,123,109,85,60,123,98,51,74,79,87,56,68,49,69,122,116,113,106,116,-115
77,88,69,131,120,85,67,121,97,57,84,82,85,47,69,53,66,109,116,103,107,116,-103
82,84,71,133,122,85,81,113,97,65,89,83,83,39,71,56,64,90,112,92,106,114,-89
79,75,64,127,118,82,95,101,97,71,87,80,80,32,69,55,58,70,103,76,105,109,-70
69,62,50,112,108,73,107,87,94,75,76,71,74,27,63,49,46,53,88,55,101,104,-40
55,45,33,87,94,54,111,72,89,72,58,56,64,24,53,35,29,40,69,33,96,99,2
39,26,18,51,74,29,105,54,77,61,38,36,52,17,38,13,8,29,46,17,86,88,50
23,8,10,12,50,7,92,37,61,41,23,20,42,7,23,-12,-11,19,25,10,75,72,99
15,-1,13,-19,29,-5,82,24,50,22,19,15,37,2,14,-36,-16,15,13,15,70,56,141
17,1,24,-33,17,-3,81,18,47,10,26,24,37,6,14,-51,-5,18,14,25,72,44,168
25,9,43,-32,12,8,85,18,48,9,42,41,38,18,18,-58,19,27,22,35,76,37,175
35,20,66,-21,11,24,89,21,47,16,59,59,37,33,24,-58,47,40,29,40,76,32,161
42,28,84,-8,7,35,87,23,37,27,70,68,34,46,27,-60,70,52,28,38,70,28,134
44,34,92,1,-1,36,80,23,21,39,71,64,31,54,28,-65,85,57,19,31,56,24,98
47,41,91,6,-10,35,69,24,7,49,68,54,34,60,31,-68,93,56,9,27,39,23,58
53,51,87,10,-12,38,62,30,4,56,67,45,46,68,39,-64,98,54,4,35,26,28,10
58,61,82,16,-3,48,62,43,13,58,66,44,62,77,49,-55,102,55,6,50,20,36,-45
62,68,78,24,17,61,67,58,33,54,63,52,76,85,55,-44,102,60,12,67,24,43,-102
66,73,80,36,45,78,74,74,61,50,59,68,84,91,59,-27,100,71,21,83,38,47,-150
73,79,93,55,79,96,82,92,92,51,57,87,90,97,66,-3,100,87,38,101,62,52,-180
81,84,106,78,107,111,89,108,118,57,54,101,94,102,72,24,100,101,61,119,88,55,-194
86,85,108,97,121,115,91,115,131,61,44,102,92,99,75,41,96,103,84,128,109,55,-196
85,82,98,105,122,109,88,112,130,59,30,87,85,89,75,47,88,93,101,128,121,53,-193
78,78,81,106,116,97,82,104,124,54,18,65,78,77,76,46,79,81,113,120,124,56,-192
68,74,64,100,110,82,77,95,116,48,8,44,72,67,79,41,70,73,119,109,120,66,-196
57,72,51,92,109,69,74,88,108,47,5,33,69,60,85,36,60,72,118,101,114,83,-200
51,75,46,84,114,59,75,83,103,53,11,32,67,58,93,33,53,78,115,96,111,102,-201
47,76,43,79,119,47,76,79,96,62,21,37,60,60,99,32,47,85,109,91,107,117,-202
42,70,36,69,113,31,70,65,82,63,28,37,46,58,94,24,38,85,98,81,96,118,-207
34,54,22,50,94,11,55,41,58,52,28,26,24,50,74,5,24,72,80,63,77,101,-211
24,33,7,23,69,-10,35,9,29,33,23,6,1,35,45,-22,8,51,56,38,54,71,-189
17,12,-5,-3,43,-27,16,-24,3,11,16,-14,-18,18,15,-50,-5,28,28,11,33,39,-90
13,-4,-11,-20,24,-35,3,-50,-13,-6,15,-26,-29,7,-8,-70,-12,11,2,-13,20,14,150
15,-12,-8,-24,15,-30,0,-63,-17,-11,19,-24,-29,6,-16,-78,-11,2,-18,-25,18,2,577
19,-13,2,-18,15,-17,6,-61,-14,-6,27,-12,-20,12,-11,-74,-3,1,-30,-26,21,3,1169
22,-9,14,-6,17,-2,17,-50,-6,4,35,6,-4,21,2,-64,11,7,-33,-18,25,11,1809
24,-2,24,6,19,12,29,-32,5,14,43,22,15,31,17,-55,27,19,-28,-2,28,21,2306
24,8,33,13,18,25,38,-12,12,20,49,31,36,42,28,-49,40,31,-16,19,28,30,2469
24,19,38,14,11,32,39,5,15,22,49,31,55,49,31,-48,47,39,-3,40,20,32,2196
22,27,38,13,-1,31,30,15,12,17,44,24,67,52,25,-46,47,40,8,58,6,28,1542
17,30,34,13,-16,27,13,20,5,7,35,12,65,52,15,-43,43,36,13,68,-11,18,708
12,29,27,15,-29,24,-9,23,-4,-3,23,-1,53,51,7,-39,38,31,15,71,-25,7,-48
11,31,25,22,-32,27,-26,29,-8,-4,13,-8,40,54,9,-29,39,33,19,70,-28,-1,-533
18,38,30,35,-19,36,-31,41,-2,10,10,-7,34,60,25,-12,47,43,30,72,-13,1,-693
29,46,35,47,3,45,-25,53,9,31,11,-4,32,65,48,9,56,52,43,73,14,9,-609
35,50,33,55,24,47,-14,58,20,47,10,-3,28,65,66,26,58,54,55,68,41,18,-429
34,50,25,57,38,37,-1,54,25,54,7,-6,18,62,76,36,54,45,62,56,58,23,-274
25,44,13,51,43,14,12,44,25,52,2,-13,4,53,75,38,44,28,64,41,63,24,-189
12,32,-1,38,41,-16,23,32,19,45,-5,-23,-14,38,64,32,29,8,60,26,56,23,-163
0,19,-11,23,36,-44,34,26,13,38,-10,-29,-29,22,52,19,14,-6,54,16,47,29,-162
-3,13,-14,11,34,-62,48,26,11,37,-13,-27,-33,11,43,3,6,-9,49,15,45,42,-163
-1,8,-16,-2,31,-71,57,23,11,38,-18,-22,-31,0,35,-15,-1,-9,41,15,47,59,-161
-6,-4,-27,-23,18,-82,52,6,3,28,-34,-24,-32,-17,17,-36,-16,-15,23,5,40,67,-161
-23,-27,-49,-53,-8,-99,30,-29,-17,2,-59,-36,-41,-39,-13,-62,-44,-29,-8,-20,16,60,-165
-49,-53,-75,-87,-39,-120,-2,-74,-43,-35,-88,-53,-53,-60,-50,-93,-75,-45,-46,-54,-19,39,-167
-76,-77,-96,-117,-63,-138,-34,-115,-67,-73,-109,-66,-61,-74,-84,-122,-99,-56,-80,-84,-54,11,-161
-95,-93,-104,-136,-74,-145,-58,-140,-82,-100,-118,-68,-57,-79,-107,-147,-111,-59,-103,-97,-79,-13,-147
-100,-98,-96,-138,-74,-137,-69,-140,-87,-111,-114,-56,-39,-75,-114,-159,-108,-51,-110,-89,-90,-26,-130
-89,-87,-71,-120,-61,-109,-63,-117,-76,-104,-97,-32,-7,-60,-101,-157,-86,-34,-99,-60,-79,-27,-110
-65,-62,-38,-85,-39,-67,-43,-77,-52,-84,-71,-1,29,-34,-72,-140,-50,-8,-71,-18,-51,-16,-82
-41,-36,-8,-48,-19,-26,-22,-33,-27,-61,-44,25,56,-8,-39,-118,-12,16,-38,21,-20,-3,-46
-31,-20,11,-23,-10,-3,-9,0,-12,-46,-28,37,63,7,-17,-97,13,27,-15,42,-1,1,-6
-36,-18,17,-17,-12,-2,-9,18,-7,-43,-25,33,50,7,-10,-81,22,26,-8,43,6,-6,28
-48,-23,16,-22,-18,-13,-16,24,-8,-46,-30,22,26,-2,-13,-71,22,18,-11,31,8,-18,54
-56,-26,12,-30,-22,-26,-25,25,-8,-50,-38,10,-1,-13,-17,-62,18,9,-16,17,9,-28,74
-55,-25,9,-34,-21,-32,-33,26,-6,-51,-45,-1,-25,-24,-19,-53,13,1,-19,4,9,-33,96
-44,-16,9,-29,-13,-28,-33,25,1,-45,-44,-7,-39,-29,-13,-42,11,-1,-11,-4,9,-34,123
-20,3,14,-12,8,-10,-21,25,16,-27,-32,-5,-39,-22,5,-26,15,6,13,-4,12,-24,157
10,29,20,15,37,17,-1,29,38,-1,-9,3,-28,-5,30,-7,26,20,48,4,19,-3,197
36,54,26,41,66,39,19,34,57,29,14,12,-12,12,53,9,35,33,79,10,27,22,240
48,68,30,56,86,48,30,33,66,50,26,15,1,22,64,14,35,37,93,8,32,39,284
46,69,31,57,94,45,34,26,65,56,23,10,8,22,62,6,23,30,89,1,34,46,329
40,62,31,48,95,35,33,18,58,49,13,-1,8,18,54,-9,6,16,74,-5,36,47,373
35,51,33,32,92,20,33,10,51,37,3,-11,4,14,46,-26,-8,2,55,-10,36,44,417
30,36,33,12,85,3,29,-4,41,21,-6,-20,-4,9,36,-42,-19,-12,34,-17,30,35,457
22,19,26,-10,73,-17,21,-27,26,7,-14,-31,-18,3,22,-56,-26,-27,12,-30,16,21,498
13,3,16,-28,55,-37,10,-53,8,0,-19,-42,-33,-4,7,-66,-28,-39,-10,-46,-1,7,546
2,-8,9,-34,37,-52,0,-72,-11,6,-22,-49,-43,-10,-4,-72,-22,-45,-27,-61,-16,-4,605
-6,-13,12,-29,18,-59,-10,-82,-31,19,-24,-52,-48,-14,-12,-76,-13,-42,-41,-71,-29,-13,673
-7,-11,24,-16,0,-54,-19,-83,-49,30,-25,-50,-49,-16,-14,-80,-5,-35,-47,-75,-39,-22,743
0,-4,40,2,-15,-41,-23,-75,-63,36,-22,-39,-47,-12,-9,-82,2,-22,-45,-73,-43,-29,810
15,10,55,21,-26,-21,-22,-59,-69,37,-13,-20,-39,-2,1,-79,11,-5,-33,-64,-42,-32,872
33,27,66,42,-31,1,-18,-39,-65,35,3,6,-27,13,13,-71,22,16,-17,-47,-35,-35,929
47,44,67,58,-33,19,-13,-19,-53,30,19,32,-13,28,23,-62,33,34,-3,-28,-26,-38,982
54,55,60,67,-32,31,-7,1,-37,26,29,56,2,39,30,-53,43,50,8,-6,-16,-39,1030
56,64,50,75,-24,41,3,24,-16,31,35,77,21,49,36,-40,54,65,20,18,-4,-35,1073
59,74,42,84,-8,54,15,52,10,44,40,91,42,63,46,-21,69,79,38,45,13,-22,1110
66,86,35,92,14,71,28,80,32,61,45,96,61,81,62,-3,84,87,59,69,31,-3,1139
72,94,27,94,35,85,37,99,46,76,46,90,73,95,75,9,94,82,76,82,43,16,1157
72,94,19,90,49,88,40,103,50,86,44,71,75,98,79,12,96,62,83,82,48,28,1161
65,84,14,81,53,81,38,92,48,87,39,43,67,89,74,5,86,30,77,74,44,30,1149
53,68,15,75,50,66,36,72,42,82,34,19,52,73,65,-7,69,-3,62,64,39,25,1121
44,52,25,74,46,50,35,52,39,78,31,7,33,59,58,-16,49,-25,45,55,37,21,1076
44,45,40,79,45,42,37,38,39,79,34,10,15,50,60,-17,33,-33,33,49,41,20,1013
57,50,58,91,51,46,42,34,41,87,42,22,1,53,71,-7,25,-27,32,46,51,26,929
78,64,71,103,62,58,47,35,41,97,55,38,-8,62,87,6,23,-15,36,44,62,37,823
93,76,71,104,70,64,45,33,31,101,63,47,-16,65,97,11,21,-6,35,34,63,43,695
91,73,52,84,68,54,32,17,9,91,61,40,-28,51,87,0,14,-12,23,13,46,37,550
69,53,17,48,53,26,13,-11,-22,71,51,20,-42,25,57,-25,2,-31,1,-16,17,18,397
35,23,-22,7,30,-9,-6,-41,-51,46,39,-5,-53,-1,20,-56,-11,-55,-21,-43,-14,-6,245
0,-7,-56,-29,1,-39,-19,-63,-70,25,28,-23,-58,-20,-15,-84,-21,-72,-38,-62,-35,-29,101
-23,-31,-74,-54,-27,-58,-27,-74,-74,11,20,-32,-55,-27,-40,-104,-27,-80,-47,-68,-46,-45,-31
-31,-44,-78,-66,-47,-62,-29,-76,-66,3,16,-31,-46,-22,-52,-119,-30,-77,-51,-65,-48,-52,-148
-32,-49,-71,-67,-60,-54,-27,-71,-52,-4,12,-24,-31,-14,-55,-131,-35,-68,-55,-57,-47,-51,-248
-35,-54,-60,-65,-68,-41,-27,-64,-40,-15,6,-17,-16,-11,-55,-142,-43,-57,-63,-48,-48,-46,-328
-44,-58,-50,-63,-69,-26,-27,-53,-28,-29,-2,-10,-1,-15,-53,-150,-52,-45,-74,-39,-48,-35,-390
-54,-58,-40,-57,-62,-7,-22,-34,-11,-39,-6,-1,16,-19,-49,-150,-55,-29,-79,-24,-41,-18,-434
-64,-53,-30,-46,-51,13,-13,-8,10,-45,-6,9,36,-24,-41,-138,-51,-13,-72,-6,-26,1,-465
-76,-52,-22,-39,-45,27,-8,15,26,-56,-10,14,48,-35,-40,-122,-47,-6,-57,7,-14,12,-492
-89,-59,-20,-40,-48,30,-14,26,35,-72,-22,10,47,-55,-46,-110,-51,-12,-43,9,-11,10,-519
-96,-69,-23,-44,-55,23,-26,27,38,-87,-38,0,39,-73,-57,-102,-60,-24,-29,4,-14,-2,-542
-97,-76,-30,-46,-60,12,-39,23,37,-93,-49,-13,28,-86,-67,-94,-67,-35,-16,-4,-19,-14,-557
-90,-77,-35,-41,-57,3,-47,21,33,-86,-51,-24,18,-90,-70,-85,-69,-39,-2,-10,-20,-20,-566
-69,-63,-30,-24,-39,6,-41,31,36,-59,-38,-23,17,-76,-57,-68,-58,-28,19,-6,-7,-10,-567
-34,-30,-11,8,-5,23,-14,56,50,-13,-9,-8,27,-44,-24,-42,-30,0,50,11,21,16,-560
2,8,10,41,29,43,20,82,64,34,21,11,39,-11,14,-18,3,28,80,28,51,45,-549
23,31,19,57,51,49,43,87,64,60,36,19,36,5,39,-11,20,39,95,25,64,57,-541
21,30,8,46,51,34,45,67,47,59,29,14,13,0,42,-22,14,26,86,0,55,45,-536
1,11,-17,18,31,5,29,28,23,36,7,-2,-20,-17,28,-44,-11,-1,59,-36,29,19,-531
-26,-16,-47,-17,-2,-30,3,-16,-3,5,-21,-23,-53,-37,4,-66,-41,-30,22,-65,-4,-9,-524
-52,-44,-73,-50,-38,-62,-26,-55,-29,-23,-44,-42,-80,-56,-23,-84,-69,-56,-15,-86,-36,-31,-517
-73,-69,-91,-79,-70,-88,-53,-83,-54,-43,-59,-55,-99,-73,-50,-99,-91,-76,-50,-98,-64,-45,-513
-86,-87,-101,-99,-96,-107,-72,-99,-79,-56,-66,-61,-106,-87,-73,-116,-104,-88,-79,-104,-85,-54,-509
-88,-98,-105,-109,-112,-116,-82,-104,-101,-60,-66,-62,-103,-96,-88,-132,-105,-93,-98,-105,-97,-58,-507
-82,-99,-102,-107,-115,-115,-83,-104,-114,-56,-58,-57,-93,-99,-92,-146,-95,-91,-106,-103,-101,-60,-505
-70,-92,-91,-94,-108,-102,-78,-98,-116,-46,-45,-47,-79,-91,-87,-155,-77,-83,-101,-99,-99,-61,-500
-55,-75,-69,-74,-94,-78,-67,-84,-106,-32,-27,-32,-60,-71,-72,-152,-51,-64,-85,-87,-92,-58,-489
-38,-53,-37,-50,-76,-47,-51,-61,-87,-16,-8,-13,-41,-41,-50,-138,-21,-42,-62,-68,-79,-52,-471
-26,-35,-5,-31,-63,-19,-39,-37,-68,-5,6,1,-26,-15,-29,-119,0,-23,-41,-49,-67,-47,-452
-28,-30,17,-25,-57,-5,-36,-21,-58,-5,13,3,-21,-6,-22,-106,3,-16,-32,-41,-63,-50,-436
-39,-36,26,-31,-58,-5,-43,-12,-57,-17,11,-5,-23,-13,-27,-99,-7,-19,-35,-43,-64,-60,-421
-51,-42,25,-36,-56,-9,-54,-4,-57,-29,6,-14,-27,-28,-35,-95,-19,-24,-40,-45,-63,-66,-407
-56,-41,23,-31,-49,-8,-62,8,-50,-33,4,-19,-25,-40,-37,-87,-23,-25,-37,-40,-54,-62,-390
-55,-30,23,-15,-35,2,-64,25,-34,-27,6,-16,-16,-47,-34,-78,-16,-21,-26,-29,-37,-49,-373
-46,-14,25,6,-15,17,-59,46,-10,-15,10,-5,-3,-48,-27,-68,0,-14,-10,-16,-17,-33,-353
-32,4,25,25,8,30,-47,66,16,-1,12,12,9,-44,-16,-57,16,-9,7,-7,1,-16,-330
-21,14,20,33,25,35,-32,78,39,11,10,24,15,-39,-7,-46,23,-10,18,-5,13,-4,-309
-15,16,10,31,37,31,-16,79,55,20,8,27,15,-35,-2,-37,17,-17,22,-10,18,5,-292
-6,17,0,27,51,28,2,76,69,30,15,29,16,-24,5,-25,10,-19,26,-10,24,16,-279
8,24,-5,27,68,29,24,73,83,41,29,33,21,-5,18,-12,8,-10,37,3,38,34,-266
19,27,-12,27,80,28,39,67,87,44,40,30,26,12,26,-5,5,2,46,20,52,49,-258
16,16,-28,15,74,14,39,47,75,32,36,14,23,12,19,-17,-7,5,43,28,55,52,-259
1,-9,-48,-7,52,-11,26,17,50,5,18,-10,13,-6,-2,-44,-27,-4,27,20,41,42,-265
-17,-35,-63,-31,25,-37,11,-14,23,-23,-5,-30,4,-33,-26,-75,-49,-17,8,4,22,29,-270
-30,-52,-65,-47,2,-52,2,-31,3,-39,-22,-37,2,-55,-44,-94,-65,-25,-6,-10,7,23,-270
-31,-52,-49,-48,-10,-48,2,-31,-3,-37,-22,-25,11,-63,-49,-95,-67,-25,-10,-14,6,29,-263
-18,-34,-18,-29,-6,-22,14,-13,4,-20,-2,6,32,-50,-39,-77,-51,-12,-1,-3,20,46,-250
5,-4,20,3,11,16,34,13,21,4,30,45,58,-21,-17,-50,-20,11,16,22,43,66,-234
23,16,48,30,24,47,51,34,32,18,57,73,73,7,0,-26,9,29,27,44,60,76,-221
25,14,54,37,20,59,55,38,29,10,63,78,70,19,0,-16,25,33,20,50,55,67,-218
13,-3,47,29,4,57,49,30,17,-11,50,65,55,17,-10,-16,28,31,0,41,32,44,-221
2,-18,40,17,-10,57,46,25,10,-30,33,49,44,12,-17,-16,29,33,-15,33,7,23,-225
0,-21,42,11,-14,65,52,34,18,-37,21,44,44,13,-13,-9,33,48,-18,35,-7,16,-226
7,-9,48,17,-6,82,62,54,36,-31,16,50,54,21,-2,7,40,71,-10,48,-6,23,-223
18,10,54,35,10,99,71,73,56,-17,17,61,69,31,12,23,48,92,4,64,7,36,-218
28,28,55,55,27,108,76,84,69,-4,19,68,81,36,20,31,50,102,15,75,21,46,-216
30,34,48,67,39,101,71,83,72,1,15,63,84,29,18,26,39,95,17,75,27,45,-217
27,31,39,68,45,84,59,77,66,-1,7,45,77,16,12,17,20,76,12,67,24,36,-217
27,27,36,66,52,68,49,72,61,0,-1,24,69,8,12,14,6,55,8,57,21,23,-214
34,30,42,65,60,58,44,71,60,9,-3,5,61,9,23,20,1,40,9,51,21,11,-205
48,41,52,67,68,54,44,73,63,27,0,-8,49,21,42,32,6,32,14,49,26,3,-193
67,60,63,73,75,54,51,72,67,51,8,-11,33,41,66,50,21,28,23,50,40,2,-180
88,81,68,82,75,52,61,66,67,78,19,-8,12,64,88,67,42,27,32,48,58,6,-174
99,89,61,80,65,40,64,47,57,93,25,-8,-15,76,96,71,57,21,34,35,67,6,-177
93,79,39,62,43,16,55,16,33,88,20,-15,-46,71,87,55,55,6,27,9,57,-5,-187
75,56,15,35,20,-11,39,-18,6,70,11,-24,-70,58,68,31,43,-12,18,-18,33,-20,-199
54,30,-2,10,4,-33,22,-44,-16,49,3,-28,-80,46,48,8,28,-23,12,-38,5,-32,-205
37,8,-11,-6,-4,-46,5,-56,-29,31,-3,-30,-76,36,29,-11,16,-27,9,-49,-19,-37,-203
29,-4,-9,-11,-2,-46,-7,-51,-33,20,-4,-26,-61,32,14,-21,9,-21,10,-46,-29,-33,-196
35,1,8,-2,8,-29,-4,-26,-23,23,6,-8,-34,40,13,-20,15,-2,17,-25,-18,-15,-187
50,20,35,17,23,2,13,12,-3,36,24,18,0,59,24,-9,33,25,29,6,11,13,-180
63,40,57,33,34,37,30,47,17,48,42,41,33,75,37,-1,52,50,37,33,41,37,-178
64,52,68,40,38,67,41,64,30,53,55,54,57,81,43,-3,62,67,37,50,61,49,-179
55,54,69,38,38,88,44,65,37,51,62,59,73,79,44,-12,65,72,34,58,65,50,-181
42,49,65,33,35,96,42,54,41,43,62,56,81,73,40,-22,62,65,29,57,57,43,-180
31,39,54,28,30,91,33,38,44,32,55,44,77,62,32,-29,57,51,23,52,43,31,-176
25,27,42,25,23,79,22,24,47,20,43,33,64,50,24,-31,50,37,16,46,27,16,-169
27,21,34,29,19,66,12,18,51,9,32,28,47,44,22,-25,43,31,11,47,15,3,-161
36,28,32,41,22,61,9,24,57,5,25,31,35,47,30,-11,42,34,12,54,11,-4,-150
50,47,39,59,35,66,13,38,67,12,27,38,30,57,46,9,51,46,20,67,20,-2,-139
65,71,51,76,52,75,21,54,75,25,36,44,30,67,64,29,65,60,33,78,35,8,-129
74,89,62,85,69,78,27,69,79,37,45,43,31,70,79,48,77,70,47,84,50,20,-122
76,96,69,86,79,71,30,76,78,46,49,36,32,66,88,66,81,71,58,82,61,31,-119
74,90,72,79,79,55,29,73,72,50,48,24,29,57,89,78,74,64,61,70,65,38,-123
66,73,68,64,69,32,21,57,58,45,41,12,18,45,82,77,55,54,55,49,58,35,-131
53,47,57,43,51,6,4,30,34,31,27,-1,-3,30,66,61,27,42,42,22,38,23,-138
37,18,39,16,27,-20,-17,-2,2,13,10,-18,-27,17,45,33,-2,26,23,-10,10,6,-141
24,-6,20,-9,4,-41,-33,-34,-29,-1,-4,-36,-45,8,26,0,-23,6,5,-40,-19,-8,-140
15,-20,3,-28,-13,-55,-41,-57,-49,-7,-11,-49,-56,1,10,-30,-29,-13,-7,-62,-43,-14,-136
8,-27,-10,-39,-23,-64,-42,-70,-57,-5,-12,-54,-60,-7,-2,-51,-26,-28,-12,-74,-60,-13,-131
-2,-30,-21,-45,-29,-70,-38,-74,-55,0,-9,-52,-60,-18,-12,-65,-25,-38,-16,-77,-72,-10,-125
-15,-33,-28,-48,-32,-73,-36,-73,-50,3,-8,-43,-56,-31,-23,-74,-30,-43,-22,-74,-78,-8,-120
-32,-39,-35,-54,-35,-74,-42,-72,-49,-1,-11,-34,-55,-47,-37,-86,-43,-42,-31,-68,-79,-15,-116
-56,-54,-49,-69,-44,-81,-59,-74,-59,-18,-27,-35,-62,-69,-59,-105,-64,-43,-47,-69,-81,-36,-110
-86,-80,-70,-92,-65,-95,-86,-82,-79,-49,-56,-48,-75,-93,-85,-128,-92,-51,-71,-79,-89,-69,-103
-111,-106,-92,-113,-91,-108,-108,-90,-99,-84,-87,-64,-84,-110,-107,-147,-114,-62,-95,-92,-98,-97,-97
-121,-119,-104,-119,-108,-107,-116,-87,-105,-105,-106,-71,-81,-111,-113,-151,-117,-66,-106,-94,-100,-108,-98
-112,-110,-95,-105,-107,-89,-103,-68,-92,-104,-104,-58,-61,-94,-99,-134,-97,-56,-95,-80,-88,-97,-101
-86,-80,-64,-74,-86,-53,-72,-32,-61,-81,-80,-27,-29,-64,-66,-99,-58,-33,-64,-48,-63,-68,-100
-49,-39,-21,-35,-52,-11,-32,13,-24,-43,-44,12,10,-29,-25,-54,-10,-4,-22,-3,-28,-29,-92
-10,2,21,1,-15,26,5,55,11,-3,-6,43,42,1,12,-10,33,24,18,40,6,4,-79
22,34,53,30,16,51,31,85,39,32,22,60,60,22,41,26,64,43,47,69,32,23,-60
43,57,74,53,39,64,48,103,61,57,40,63,63,35,59,53,84,54,63,82,47,29,-36
53,72,82,70,51,69,56,109,75,74,50,56,53,44,70,68,95,54,66,80,51,27,-11
54,78,78,81,56,67,56,102,78,84,53,39,35,49,73,71,97,42,57,66,43,20,11
51,77,64,86,56,62,50,85,69,90,49,20,17,53,71,62,92,24,41,45,31,11,30
47,71,45,84,53,52,40,61,51,92,41,1,2,54,64,45,83,2,23,21,17,3,49
40,58,22,73,44,32,25,32,23,83,29,-19,-13,46,53,22,68,-22,4,-3,1,-4,71
31,40,-4,54,28,4,8,-1,-10,64,15,-39,-31,32,38,-2,45,-46,-14,-29,-14,-10,101
20,24,-25,32,12,-23,-7,-32,-37,41,3,-52,-48,15,25,-21,21,-60,-25,-53,-23,-16,143
11,13,-35,14,-1,-42,-17,-55,-50,22,-4,-54,-60,-1,16,-30,2,-59,-27,-68,-24,-21,197
2,9,-37,-1,-10,-51,-18,-70,-55,11,-5,-45,-65,-17,11,-32,-11,-49,-19,-72,-17,-24,254
-8,3,-37,-14,-19,-51,-17,-79,-59,3,-5,-31,-62,-30,3,-32,-26,-39,-10,-68,-10,-29,303
-24,-12,-42,-29,-33,-49,-19,-85,-68,-10,-14,-19,-54,-42,-12,-39,-43,-35,-8,-61,-7,-36,329
-45,-37,-52,-48,-52,-50,-28,-91,-82,-29,-33,-12,-46,-54,-37,-55,-60,-34,-15,-56,-12,-44,329
-71,-67,-63,-73,-72,-57,-43,-94,-101,-55,-55,-10,-41,-68,-70,-74,-74,-37,-29,-56,-23,-50,305
-97,-98,-73,-100,-88,-67,-59,-93,-117,-82,-74,-10,-43,-82,-102,-94,-85,-41,-47,-60,-36,-54,265
-114,-119,-76,-120,-94,-70,-72,-83,-123,-100,-81,-9,-46,-90,-123,-106,-89,-37,-56,-63,-43,-54,217
-116,-124,-70,-126,-86,-62,-76,-65,-114,-101,-76,-2,-41,-89,-125,-109,-82,-23,-50,-59,-41,-50,166
-103,-115,-58,-119,-69,-46,-73,-44,-96,-89,-60,9,-29,-82,-112,-103,-66,-8,-30,-47,-35,-43,113
-83,-98,-44,-103,-53,-28,-69,-23,-78,-73,-42,16,-14,-74,-91,-94,-47,-1,-7,-33,-31,-35,56
-62,-80,-31,-80,-42,-13,-64,-4,-60,-58,-27,19,-1,-64,-68,-84,-26,1,12,-17,-30,-30,2
-45,-63,-20,-55,-38,-2,-59,11,-44,-49,-20,16,8,-54,-52,-74,-6,3,22,-1,-33,-27,-44
-36,-50,-17,-35,-39,1,-56,18,-34,-47,-22,5,8,-50,-46,-64,8,0,19,9,-41,-30,-75
-34,-40,-18,-21,-40,0,-51,18,-32,-47,-25,-10,1,-50,-48,-54,12,-9,6,14,-48,-35,-91
-29,-24,-14,1,-29,9,-37,18,-25,-37,-21,-20,-2,-42,-45,-36,15,-14,-6,18,-45,-35,-92
-15,3,2,33,-5,29,-15,23,-8,-14,-6,-19,3,-22,-29,-8,23,-10,-9,26,-31,-23,-83
6,31,23,61,21,49,6,25,11,12,11,-14,9,2,-5,17,31,-8,-9,31,-15,-8,-69
21,46,41,74,33,53,14,18,20,30,18,-18,3,20,13,28,32,-15,-15,23,-9,-2,-61
23,40,45,68,26,36,7,-2,15,31,10,-33,-20,27,21,22,20,-31,-31,0,-12,-10,-60
14,18,29,47,6,2,-10,-30,-3,16,-12,-56,-55,21,17,1,-1,-52,-53,-31,-22,-30,-68
-4,-12,-5,16,-20,-40,-34,-65,-31,-10,-41,-84,-93,4,3,-26,-27,-75,-75,-64,-40,-56,-85
-25,-41,-46,-13,-43,-79,-59,-99,-62,-37,-65,-105,-125,-18,-15,-48,-50,-95,-93,-94,-60,-80,-107
-39,-55,-78,-29,-54,-102,-75,-118,-86,-51,-72,-110,-140,-34,-27,-53,-60,-102,-101,-109,-72,-94,-123
-39,-49,-89,-28,-52,-106,-77,-117,-91,-45,-61,-96,-133,-39,-28,-41,-52,-93,-97,-104,-72,-92,-97
-29,-29,-78,-20,-45,-96,-68,-101,-81,-27,-41,-70,-114,-37,-21,-24,-35,-75,-85,-85,-64,-79,27
-21,-12,-55,-16,-41,-85,-55,-81,-68,-9,-26,-44,-94,-35,-17,-19,-19,-61,-75,-68,-55,-66,310
-18,-6,-32,-22,-42,-76,-38,-63,-57,-2,-18,-23,-77,-35,-19,-27,-11,-55,-68,-58,-44,-56,787
-17,-7,-14,-30,-41,-64,-16,-45,-46,-4,-15,-4,-60,-35,-23,-40,-9,-53,-62,-48,-29,-46,1426
-13,-9,-5,-36,-33,-48,6,-27,-31,-11,-16,14,-40,-32,-24,-50,-8,-48,-51,-37,-13,-33,2104
-12,-15,-9,-41,-24,-34,19,-14,-22,-23,-24,24,-23,-28,-26,-58,-11,-43,-40,-27,-5,-21,2621
-18,-28,-26,-50,-24,-28,18,-10,-25,-41,-40,20,-12,-27,-32,-66,-21,-39,-33,-21,-10,-17,2784
-30,-45,-48,-61,-35,-31,3,-16,-38,-59,-60,5,-7,-30,-43,-76,-36,-37,-32,-17,-22,-21,2507
-45,-58,-66,-71,-50,-36,-17,-26,-50,-71,-80,-12,-4,-36,-52,-85,-47,-36,-29,-13,-33,-26,1866
-56,-62,-72,-76,-58,-37,-32,-33,-55,-74,-90,-25,0,-40,-57,-90,-47,-29,-23,-6,-36,-27,1067
-62,-58,-67,-77,-56,-36,-40,-35,-53,-71,-88,-30,5,-43,-56,-88,-37,-19,-15,3,-30,-25,346
-67,-53,-62,-78,-51,-40,-46,-37,-48,-70,-83,-33,5,-51,-58,-81,-30,-9,-14,8,-22,-29,-131
-75,-53,-68,-85,-49,-52,-59,-46,-48,-75,-88,-40,-10,-69,-66,-77,-36,-8,-27,3,-22,-45,-324
-84,-60,-83,-94,-53,-69,-77,-61,-55,-85,-102,-51,-35,-87,-76,-79,-52,-16,-47,-11,-33,-68,-313
-91,-66,-94,-97,-62,-83,-91,-75,-65,-94,-114,-64,-62,-96,-80,-82,-69,-28,-66,-27,-50,-86,-228
-91,-71,-97,-91,-74,-86,-96,-81,-75,-96,-117,-76,-80,-92,-76,-85,-79,-41,-77,-43,-65,-96,-171
-85,-70,-91,-76,-83,-77,-91,-77,-81,-86,-107,-82,-86,-78,-64,-85,-78,-51,-77,-54,-72,-96,-166
-70,-58,-71,-52,-78,-58,-72,-61,-73,-63,-82,-79,-77,-56,-43,-76,-62,-54,-63,-58,-66,-83,-190
-47,-36,-39,-23,-58,-32,-43,-33,-53,-29,-44,-67,-54,-29,-14,-56,-35,-49,-38,-52,-46,-59,-214
-23,-13,-6,4,-30,-10,-15,-6,-28,4,-4,-54,-29,-6,12,-35,-11,-42,-13,-43,-19,-34,-228
-1,3,15,19,-6,2,0,8,-8,26,26,-43,-11,7,26,-23,-1,-40,1,-36,6,-17,-237
16,12,25,23,11,5,5,8,7,36,42,-34,-4,11,28,-22,0,-41,4,-32,23,-6,-239
26,14,28,17,20,4,6,0,16,32,49,-27,-4,8,20,-29,-5,-46,-1,-30,29,1,-236
22,3,23,0,16,-6,0,-16,13,13,42,-28,-15,-6,-1,-48,-16,-53,-17,-36,20,2,-228
-3,-26,4,-32,-4,-29,-17,-41,-6,-21,15,-41,-39,-36,-37,-81,-38,-68,-46,-56,-6,-11,-216
-41,-65,-23,-74,-33,-58,-43,-71,-35,-58,-26,-59,-71,-75,-78,-120,-66,-89,-84,-86,-42,-35,-200
-77,-97,-45,-107,-57,-81,-66,-91,-62,-85,-63,-71,-95,-104,-108,-147,-85,-106,-115,-111,-71,-57,-183
-93,-109,-49,-116,-65,-89,-75,-92,-76,-94,-82,-70,-101,-109,-115,-151,-86,-110,-128,-117,-83,-67,-171
-91,-101,-39,-104,-58,-83,-74,-81,-76,-87,-84,-58,-92,-94,-102,-138,-71,-100,-125,-107,-81,-68,-161
-80,-82,-25,-84,-48,-74,-69,-66,-71,-77,-77,-45,-80,-74,-81,-118,-51,-85,-113,-89,-74,-69,-148
-70,-62,-12,-63,-40,-66,-66,-52,-63,-74,-69,-37,-71,-59,-60,-99,-36,-71,-98,-69,-72,-72,-128
-62,-45,1,-46,-34,-59,-66,-40,-57,-73,-62,-34,-63,-52,-44,-83,-29,-59,-81,-51,-74,-74,-103
-55,-31,7,-37,-31,-53,-68,-29,-53,-70,-57,-35,-55,-49,-34,-73,-27,-45,-64,-38,-77,-74,-75
-45,-20,7,-35,-28,-45,-70,-21,-51,-63,-55,-35,-47,-45,-28,-68,-29,-32,-50,-29,-76,-71,-46
-30,-10,3,-35,-23,-38,-67,-17,-48,-54,-51,-34,-38,-34,-25,-65,-31,-22,-38,-19,-69,-63,-17
-15,-1,0,-31,-14,-30,-58,-17,-42,-44,-43,-32,-27,-15,-22,-61,-29,-16,-26,-6,-52,-47,13
-2,10,1,-21,-2,-20,-40,-17,-29,-34,-27,-29,-15,6,-15,-52,-21,-8,-12,13,-29,-25,45
8,22,7,-8,12,-7,-19,-14,-11,-26,-5,-23,-5,21,-4,-39,-8,5,3,32,-2,0,80
11,30,11,5,22,4,0,-12,6,-20,17,-20,3,28,6,-26,3,16,13,46,18,21,114
7,30,8,15,26,8,12,-11,15,-16,33,-25,8,24,11,-17,4,20,12,52,26,33,147
3,23,2,22,29,6,20,-8,19,-8,44,-33,13,15,13,-12,0,20,3,50,22,38,183
3,16,-5,27,31,1,26,-4,22,0,48,-39,16,7,13,-10,-8,15,-9,44,12,38,221
2,5,-12,21,29,-12,25,-7,19,1,40,-47,9,-3,7,-17,-23,-2,-26,33,-4,30,260
-2,-8,-17,4,19,-30,16,-19,10,-9,21,-55,-8,-15,-5,-30,-40,-28,-40,16,-21,18,297
4,-8,-12,-9,15,-33,12,-25,5,-14,7,-53,-19,-17,-8,-33,-47,-44,-37,5,-27,13,338
26,13,8,-7,25,-15,21,-19,11,-4,11,-34,-12,2,8,-18,-33,-37,-10,5,-13,20,387
55,43,28,7,41,14,38,-7,18,16,25,-5,6,34,33,8,-5,-13,25,9,13,33,442
75,65,36,26,53,38,50,3,17,35,38,18,24,63,55,30,21,11,51,10,34,42,497
84,75,36,43,59,53,56,11,9,46,47,32,34,81,66,43,40,32,62,8,44,44,551
83,75,36,56,61,62,58,19,1,51,54,41,35,88,69,45,50,49,64,7,44,41,604
76,68,37,58,58,63,56,26,-4,47,56,47,29,82,62,35,50,59,59,7,34,32,659
65,55,36,47,51,60,50,31,-6,36,53,48,19,68,48,19,40,62,50,6,18,17,713
52,43,33,32,44,57,47,38,3,25,52,47,18,55,36,6,30,65,45,7,6,3,768
43,34,32,24,44,61,52,49,23,22,58,48,33,53,33,4,25,71,47,14,8,0,821
34,28,27,22,46,66,62,59,49,21,62,51,55,56,35,8,25,77,50,23,20,7,867
19,17,13,18,44,62,66,62,69,15,53,49,71,55,33,10,22,74,47,25,32,13,902
1,1,-4,8,35,50,61,57,79,2,34,40,74,46,23,3,9,64,38,22,38,13,928
-13,-13,-15,-4,24,34,50,46,80,-12,14,27,68,34,11,-10,-7,53,26,19,39,10,945
-16,-16,-20,-10,18,24,40,35,77,-20,0,16,62,25,3,-19,-18,45,21,21,39,10,955
-9,-7,-20,-5,19,20,36,29,76,-16,-4,10,61,21,4,-20,-19,43,25,35,44,16,955
3,10,-18,10,26,24,38,30,80,-2,3,11,66,22,13,-11,-7,45,38,59,53,31,939
16,29,-10,30,37,35,47,37,90,19,16,18,77,28,28,4,13,53,54,88,67,56,898
27,47,2,49,53,50,59,46,103,43,30,33,89,36,45,21,35,66,69,116,82,86,827
38,59,15,63,68,63,69,53,111,62,38,50,95,42,59,35,53,80,80,135,95,110,728
48,65,28,65,79,74,72,56,110,73,39,64,95,46,66,42,63,91,86,140,99,122,611
55,63,35,59,83,80,65,52,97,73,37,68,88,44,65,42,62,95,84,128,90,119,484
55,54,33,49,77,77,50,38,73,63,33,60,73,36,55,34,53,87,75,100,72,102,352
44,39,19,35,56,61,28,16,41,46,26,43,49,21,37,21,36,66,61,60,45,71,221
24,19,-3,18,25,36,2,-5,5,26,19,24,21,3,15,3,16,36,45,13,17,34,92
3,-1,-19,2,-7,11,-18,-22,-25,14,15,12,-5,-13,-4,-13,-2,8,31,-27,-7,1,-34
-9,-12,-23,-7,-30,-4,-25,-29,-42,15,21,11,-21,-22,-16,-22,-10,-9,24,-50,-18,-20,-156
-4,-10,-10,-5,-36,-3,-18,-22,-44,26,36,21,-25,-19,-14,-23,-3,-11,26,-52,-16,-26,-267
16,6,16,6,-25,11,-2,0,-33,41,57,37,-16,-7,-1,-18,14,-2,36,-38,-5,-18,-363
37,25,41,18,-7,25,15,26,-15,50,76,47,-2,7,14,-17,32,6,43,-18,5,-3,-444
44,36,54,20,4,28,25,46,0,43,83,46,8,15,21,-25,39,5,37,-8,8,7,-515
32,35,50,9,1,20,24,56,9,24,74,36,11,17,16,-42,34,-8,20,-10,4,7,-574
10,23,38,-8,-11,6,19,60,12,3,55,23,14,16,4,-56,21,-24,-2,-20,-2,3,-618
-12,7,28,-21,-20,-4,16,61,14,-8,32,17,19,15,-7,-56,7,-35,-20,-30,-7,1,-646
-24,-2,24,-23,-20,-3,21,65,20,-7,14,19,29,15,-11,-42,0,-34,-29,-32,-7,5,-658
-21,-1,29,-12,-7,10,31,75,32,2,5,28,44,19,-5,-17,1,-20,-26,-21,-1,13,-652
-13,7,35,5,15,26,40,85,46,11,2,36,57,24,5,6,4,-4,-17,-4,7,21,-635
-11,10,32,16,32,34,40,84,54,13,-3,33,59,22,9,17,3,3,-12,9,11,21,-615
-18,3,18,17,36,32,32,72,51,6,-12,20,51,12,3,14,-3,-2,-13,14,11,13,-601
-28,-6,1,13,30,29,23,53,41,-1,-21,7,39,0,-8,5,-7,-11,-16,14,12,3,-591
-32,-13,-9,12,22,27,18,34,29,-2,-27,1,28,-8,-15,-2,-8,-13,-17,12,18,-2,-580
-31,-17,-18,13,10,25,13,14,14,-2,-33,-2,14,-15,-20,-6,-10,-10,-18,4,22,-3,-568
-30,-20,-26,12,-6,19,6,-6,-4,-7,-38,-5,-4,-24,-25,-10,-19,-6,-20,-9,20,-4,-556
-32,-22,-35,6,-22,8,-3,-26,-20,-16,-40,-11,-24,-31,-30,-15,-32,-1,-21,-21,15,-8,-543
-34,-24,-44,-5,-34,-5,-14,-43,-31,-25,-38,-21,-43,-36,-32,-21,-45,3,-19,-31,9,-13,-528
-31,-26,-51,-17,-42,-15,-23,-54,-38,-27,-32,-33,-55,-36,-31,-25,-49,5,-14,-37,3,-15,-513
-22,-24,-50,-22,-43,-16,-22,-56,-39,-20,-21,-44,-55,-29,-24,-22,-39,8,-3,-37,2,-12,-499
-7,-18,-38,-19,-36,-10,-12,-50,-36,-4,-5,-49,-43,-14,-11,-11,-18,12,8,-30,6,-2,-488
10,-11,-20,-13,-28,-3,-1,-41,-34,13,7,-46,-27,7,3,-1,4,14,12,-21,11,10,-474
18,-9,-4,-11,-28,-4,2,-38,-36,21,11,-43,-15,22,9,-2,15,9,4,-17,9,15,-457
11,-16,3,-20,-40,-14,-8,-46,-45,15,3,-46,-16,26,1,-19,9,-6,-16,-21,-3,7,-441
-12,-34,-5,-42,-61,-33,-32,-68,-62,-6,-16,-56,-33,15,-21,-53,-17,-28,-42,-33,-26,-16,-426
-40,-54,-24,-67,-83,-54,-64,-94,-80,-32,-40,-67,-56,-7,-49,-96,-52,-49,-70,-51,-56,-44,-411
-62,-68,-47,-85,-98,-67,-91,-112,-89,-55,-60,-76,-73,-29,-71,-131,-78,-60,-91,-66,-83,-69,-398
-75,-73,-64,-88,-100,-67,-105,-116,-88,-67,-68,-78,-76,-42,-80,-145,-88,-60,-102,-71,-99,-81,-386
-77,-69,-72,-76,-90,-59,-104,-102,-80,-68,-65,-74,-67,-41,-75,-135,-81,-51,-103,-66,-99,-83,-376
-69,-58,-66,-54,-72,-46,-91,-75,-68,-59,-53,-63,-49,-27,-59,-105,-60,-39,-95,-51,-83,-76,-368
-49,-37,-42,-26,-46,-27,-69,-41,-50,-37,-31,-44,-27,-3,-30,-60,-28,-21,-75,-27,-56,-61,-357
-20,-6,-4,6,-14,-2,-40,-4,-28,-3,-1,-19,-2,28,8,-11,12,0,-44,5,-23,-40,-342
13,29,35,35,14,23,-12,26,-7,33,27,6,19,56,48,31,46,19,-7,35,7,-20,-324
40,59,59,53,31,40,7,42,7,59,44,22,31,71,77,55,67,32,27,53,27,-8,-306
55,77,62,56,35,42,16,45,15,70,47,22,35,72,91,60,72,36,49,57,35,-2,-290
57,80,48,47,32,32,16,40,14,66,37,8,31,61,89,52,63,29,58,50,32,1,-276
49,68,22,31,29,11,10,31,3,51,17,-16,18,44,75,36,43,13,56,38,24,4,-265
34,45,-7,10,26,-13,-2,17,-12,31,-11,-42,-3,25,51,14,13,-6,44,21,13,5,-256
15,17,-29,-15,24,-37,-15,0,-27,9,-38,-61,-27,5,23,-8,-21,-23,25,3,-2,4,-245
-3,-5,-37,-37,21,-55,-25,-16,-36,-6,-55,-68,-46,-11,2,-26,-51,-36,9,-9,-15,3,-230
-11,-15,-31,-47,19,-62,-27,-26,-36,-9,-54,-60,-53,-19,-8,-35,-68,-37,4,-13,-18,5,-211
-9,-12,-15,-44,14,-56,-19,-26,-27,-1,-36,-41,-46,-18,-5,-32,-69,-24,13,-11,-7,11,-193
-1,-1,2,-34,7,-46,-8,-19,-15,11,-11,-20,-31,-13,6,-20,-59,-4,28,-6,11,20,-179
10,10,17,-19,3,-35,3,-6,-5,22,14,-4,-13,-6,19,-3,-40,14,43,0,28,31,-171
21,22,30,0,4,-23,15,9,4,35,35,7,4,5,33,18,-16,32,56,10,42,45,-165
30,30,38,16,7,-13,25,20,10,45,47,12,18,17,44,36,5,46,62,22,48,55,-158
29,29,38,20,3,-11,28,20,5,45,44,11,22,21,43,43,17,48,57,29,40,52,-150
19,21,33,14,-7,-17,25,12,-9,36,30,9,21,19,34,39,21,40,44,32,20,39,-142
10,16,27,11,-14,-18,26,8,-22,28,21,14,26,19,25,31,27,35,32,36,7,28,-135
13,22,24,19,-13,-5,34,14,-25,27,23,34,42,27,26,30,42,40,27,43,10,28,-133
25,35,24,33,-3,18,46,30,-17,33,35,62,60,38,34,34,61,53,29,49,24,38,-137
40,48,30,52,15,44,57,49,-2,40,51,89,74,52,44,41,78,66,35,53,42,57,-140
52,57,40,69,37,66,66,66,15,48,68,107,81,65,53,48,89,74,42,55,58,77,-140
60,58,53,78,52,78,72,77,28,52,79,111,81,76,58,55,89,73,49,56,68,87,-135
57,51,62,73,54,76,72,79,32,48,79,102,72,78,56,55,78,63,52,54,67,83,-129
44,37,65,58,46,63,68,76,29,35,69,84,58,71,47,49,60,49,51,52,58,71,-124
28,26,61,47,36,50,66,76,29,19,56,70,52,60,38,46,45,38,51,53,52,60,-123
14,23,55,43,33,47,71,83,38,7,48,66,58,49,33,53,37,37,56,59,57,55,-129
4,26,49,44,38,55,78,92,53,0,44,70,68,40,30,64,35,44,64,66,69,55,-138
-2,26,45,49,49,67,77,96,68,-3,42,74,73,30,27,69,33,51,71,69,79,57,-147
-5,23,42,53,62,76,69,94,81,-4,40,72,74,22,21,67,31,52,76,68,83,58,-150
-1,18,38,54,69,78,58,87,89,-2,38,63,74,17,17,58,26,47,74,64,80,56,-149
8,12,27,47,66,71,44,74,92,1,33,48,71,13,12,42,18,35,63,56,69,51,-146
17,5,8,34,49,54,31,58,90,1,23,32,61,6,8,22,7,20,43,43,54,45,-143
23,-1,-14,21,27,34,21,41,85,1,15,21,48,-1,7,7,0,6,23,32,42,42,-140
27,-3,-30,12,8,19,19,27,76,4,12,17,38,-5,9,0,0,-4,10,25,36,41,-140
28,-1,-33,4,-2,9,21,14,61,10,16,20,29,-5,11,-3,5,-4,5,23,38,39,-144
30,5,-21,3,0,7,24,4,47,20,27,31,22,0,15,2,14,9,9,25,44,36,-151
39,17,6,10,12,13,27,-1,37,33,44,46,23,13,24,16,29,32,20,33,52,36,-156
50,32,35,21,25,21,29,-5,29,43,58,59,30,28,32,32,43,54,32,40,56,38,-157
58,40,50,29,29,26,29,-10,20,46,63,64,35,39,34,41,49,67,36,38,53,37,-155
54,39,47,29,18,25,22,-18,8,38,56,58,31,41,27,37,45,67,28,23,39,29,-150
37,27,28,21,-4,17,10,-32,-8,23,39,41,16,30,10,16,33,54,8,-1,15,13,-143
14,10,4,8,-27,6,-4,-47,-26,7,17,18,-5,10,-11,-17,15,32,-17,-25,-16,-12,-136
-1,-1,-10,2,-38,0,-11,-54,-37,3,4,2,-20,-6,-23,-46,1,15,-35,-38,-40,-36,-128
-2,1,-11,9,-33,4,-10,-48,-34,15,5,0,-22,-8,-18,-58,0,14,-37,-32,-50,-50,-122
9,11,-4,25,-17,14,-8,-32,-23,32,15,7,-11,2,0,-51,11,25,-26,-11,-46,-53,-117
24,22,3,40,2,26,-6,-10,-6,46,27,19,8,17,23,-30,32,36,-6,14,-32,-46,-114
40,35,11,53,21,40,3,19,18,58,39,36,33,36,47,1,57,47,20,37,-8,-26,-111
51,48,19,62,39,56,19,52,48,67,51,56,58,53,67,33,80,56,45,52,20,2,-109
47,53,24,61,50,64,35,77,71,63,54,69,75,60,73,55,88,56,58,56,41,23,-109
29,46,27,48,50,58,41,87,81,50,45,70,76,53,61,63,76,43,56,50,48,30,-112
10,36,29,33,43,45,36,85,79,37,29,61,65,39,41,62,51,27,46,39,47,29,-112
-4,25,28,21,35,32,22,75,69,27,15,48,47,26,22,55,27,15,36,30,41,28,-107
-10,15,22,13,25,18,2,58,53,19,3,32,27,15,6,42,10,6,27,20,33,26,-98
-10,8,14,11,18,7,-14,39,35,14,-5,17,12,7,-2,29,5,-2,23,9,26,29,-88
3,10,14,22,21,6,-14,27,30,21,0,10,9,5,5,23,15,-4,29,5,26,40,-75
27,22,26,46,37,20,7,24,40,42,20,16,18,16,27,29,36,5,45,12,38,59,-61
49,37,41,70,56,39,38,24,59,66,45,30,31,34,53,41,56,16,62,28,55,76,-50
61,44,49,79,67,50,62,18,73,81,65,40,37,50,68,48,64,24,71,42,68,83,-42
62,41,46,70,66,50,72,7,75,84,75,41,33,59,69,46,57,27,68,48,70,77,-37
59,32,33,50,55,42,70,-7,67,75,74,34,24,59,58,32,40,26,55,43,62,61,-34
51,19,12,25,40,27,60,-21,48,57,63,22,14,52,37,10,20,19,34,30,44,41,-37
38,7,-10,6,25,10,48,-34,24,38,49,10,10,39,16,-14,6,7,11,13,21,22,-43
29,2,-20,-1,15,-2,38,-36,4,26,41,3,17,28,3,-29,7,0,-3,4,-1,13,-51
25,3,-15,2,11,-3,31,-28,-7,24,41,3,28,21,-2,-31,19,-1,-5,8,-15,13,-60
21,6,-3,5,10,3,23,-17,-11,27,41,8,34,16,-3,-27,31,2,3,19,-24,18,-69
18,11,13,7,11,15,18,-3,-8,33,43,18,36,13,-1,-17,39,11,17,34,-26,25,-73
21,20,31,11,18,30,21,18,5,42,49,33,40,15,6,-2,45,26,37,52,-18,33,-67
30,31,45,19,29,47,32,42,24,52,56,50,48,21,13,12,46,43,56,72,-1,40,-53
38,37,47,26,40,60,46,63,42,58,59,62,55,27,18,22,43,55,69,86,19,46,-39
40,35,38,33,48,66,62,78,57,56,60,70,62,32,21,27,39,60,73,92,39,53,-30
38,29,27,38,51,68,77,88,71,50,60,74,71,36,23,32,39,63,73,93,57,64,-29
35,21,16,38,52,67,86,94,83,40,58,75,76,35,21,35,39,64,72,90,71,77,-34
30,12,9,33,53,64,89,96,94,27,52,76,76,29,17,39,37,64,72,80,77,88,-40
31,13,10,30,60,64,91,99,106,20,46,80,77,25,17,49,40,69,79,71,82,99,-41
38,24,21,34,74,68,95,104,121,24,47,86,82,25,26,68,53,79,93,70,90,110,-30
44,38,32,39,90,69,96,106,133,31,49,87,87,26,35,86,66,85,107,75,96,114,-14
40,43,38,38,96,59,89,100,135,32,46,76,85,22,38,90,69,83,110,74,93,107,2
27,38,41,31,89,43,78,88,127,26,40,54,77,16,36,82,62,72,100,64,82,93,10
14,28,46,22,77,29,68,76,115,20,37,31,67,11,33,65,47,58,85,53,70,80,15
6,19,50,16,69,22,60,66,104,19,38,17,56,10,32,45,30,44,69,42,58,72,20
6,14,50,13,67,22,51,58,92,23,40,17,47,13,31,28,16,33,53,34,46,69,31
14,13,43,11,71,25,41,49,77,32,44,26,39,19,32,19,12,23,39,28,36,69,49
25,15,31,12,77,27,29,38,57,41,46,38,29,25,33,21,19,14,30,27,27,69,77
35,20,20,17,79,27,19,28,36,50,46,48,20,32,36,31,34,8,26,27,20,69,114
43,26,16,25,73,26,16,22,19,57,45,54,14,40,41,46,54,9,28,29,17,67,159
52,36,21,35,58,29,19,25,6,62,45,57,13,52,50,59,75,17,35,30,19,62,206
65,50,32,50,43,39,27,38,-1,71,53,63,15,69,65,71,95,33,46,34,26,59,249
83,70,46,71,35,58,36,56,-2,84,66,75,23,91,85,82,112,55,58,41,39,57,280
96,85,55,90,31,79,39,72,0,95,79,86,32,108,99,87,120,77,64,50,49,51,292
99,92,55,96,26,90,32,78,-1,96,84,89,39,113,103,82,116,90,61,57,52,35,281
93,92,57,94,21,93,23,79,1,87,85,84,46,108,99,73,106,95,55,66,52,19,251
84,91,68,94,23,95,26,81,15,77,86,79,58,101,95,70,97,98,55,78,55,12,206
74,90,85,99,32,100,41,87,40,72,87,79,75,98,93,74,92,101,64,93,63,18,152
65,87,96,102,46,105,61,94,67,68,84,83,93,95,93,80,86,100,77,105,73,30,93
57,80,92,100,60,104,75,100,85,63,72,87,99,91,89,81,76,94,85,107,80,44,30
49,68,72,90,70,96,75,100,92,54,53,85,90,80,78,74,61,83,86,97,79,54,-32
42,52,43,73,73,80,62,97,89,43,30,73,71,62,61,60,42,66,81,80,70,55,-88
36,39,19,54,69,61,44,91,80,32,7,55,49,39,43,42,28,45,75,65,58,47,-130
33,30,8,37,60,41,29,84,71,24,-10,37,30,16,30,25,21,25,71,53,46,37,-156
34,27,13,30,48,28,22,78,67,23,-16,25,18,-1,26,16,21,12,66,45,37,31,-169
41,31,33,40,43,27,31,79,70,31,-7,24,20,-4,33,19,31,10,64,44,37,34,-172
53,41,59,61,50,37,52,86,75,48,12,35,31,9,50,30,44,20,61,51,46,44,-173
61,49,77,76,59,46,68,87,72,61,30,43,38,25,63,34,50,31,51,55,52,54,-176
57,42,78,73,59,41,65,73,53,59,34,37,29,30,59,23,41,29,26,48,46,53,-185
43,26,68,57,50,24,48,46,25,45,24,17,8,25,41,4,21,11,-5,32,28,39,-203
29,12,56,39,41,4,30,16,-1,31,9,-3,-11,17,21,-13,1,-11,-27,19,11,21,-230
23,7,47,25,33,-14,17,-9,-18,23,-7,-16,-25,10,7,-22,-13,-26,-38,13,-1,5,-259
25,10,43,18,27,-26,9,-25,-24,20,-19,-20,-32,6,1,-23,-19,-29,-39,12,-6,-5,-274
34,19,44,20,25,-26,10,-28,-22,24,-23,-14,-30,10,5,-18,-18,-16,-32,16,-4,-9,-239
45,32,49,30,29,-15,20,-22,-16,33,-18,0,-20,20,15,-8,-8,6,-21,26,3,-6,-94
56,45,54,42,39,4,33,-9,-7,45,-7,19,-4,31,27,4,8,31,-7,39,13,2,225
63,55,59,53,51,24,44,5,5,53,8,40,13,38,38,17,30,53,8,53,22,11,746
69,63,66,64,63,44,55,21,21,57,27,59,33,43,47,30,54,69,24,66,27,23,1413
75,70,74,77,76,63,67,39,42,59,48,75,54,48,55,45,77,81,39,78,32,36,2076
83,78,85,93,89,81,77,59,65,62,69,89,74,55,64,65,98,93,56,89,40,51,2536
89,86,95,107,96,95,81,78,84,66,87,99,89,64,73,83,112,104,69,99,48,64,2619
86,86,99,114,94,102,75,91,91,68,96,100,95,69,76,94,116,108,73,101,53,71,2268
75,77,96,112,83,100,60,97,82,66,95,92,92,69,71,94,108,100,68,95,55,68,1585
64,68,90,106,71,94,48,96,69,65,90,82,85,67,65,87,97,84,62,88,59,61,789
64,66,89,101,64,92,44,94,64,69,90,77,77,66,63,80,91,69,61,87,66,54,109
73,72,93,98,62,93,51,93,72,78,94,76,73,67,67,73,90,60,67,91,74,50,-309
89,82,98,98,61,97,63,89,87,89,99,78,72,68,73,70,89,57,75,93,80,52,-452
103,91,98,98,61,102,75,83,104,101,97,83,73,66,78,70,85,58,84,91,85,59,-419
108,94,89,96,61,103,84,76,115,108,88,86,73,59,78,71,80,63,89,83,88,72,-340
98,85,71,89,60,96,85,70,116,106,72,85,72,46,69,67,72,66,86,69,87,85,-300
75,66,47,74,58,80,78,64,104,92,55,76,68,29,50,55,58,64,71,51,80,96,-310
43,36,23,49,52,54,64,51,83,67,35,56,58,6,21,31,36,51,44,29,65,94,-346
5,-2,3,13,39,22,45,28,55,33,15,26,41,-23,-14,-2,7,26,10,5,40,77,-376
-29,-36,-8,-20,23,-9,28,-1,31,3,0,-6,26,-46,-43,-33,-21,-1,-21,-13,12,55,-388
-44,-53,-5,-39,14,-28,22,-21,22,-13,-4,-27,25,-54,-56,-48,-39,-18,-39,-18,-8,40,-383
-42,-54,8,-43,14,-32,26,-30,25,-18,-2,-32,35,-48,-54,-50,-45,-24,-45,-16,-17,37,-375
-34,-47,20,-40,18,-30,33,-32,27,-20,-1,-26,46,-36,-48,-48,-42,-27,-45,-14,-21,37,-372
-28,-38,30,-32,24,-28,41,-23,25,-23,2,-11,54,-24,-41,-43,-31,-26,-43,-11,-20,40,-371
-20,-26,43,-19,29,-22,46,-5,20,-23,10,11,56,-14,-31,-35,-12,-22,-38,-3,-15,43,-365
-13,-17,54,-9,26,-16,42,12,8,-18,19,31,49,-12,-21,-28,7,-20,-33,5,-8,37,-353
-16,-15,55,-9,8,-13,25,19,-11,-15,22,41,27,-21,-18,-26,19,-26,-30,5,-6,16,-338
-25,-19,43,-14,-17,-12,2,16,-30,-12,23,41,0,-36,-19,-25,23,-34,-24,2,-8,-12,-323
-29,-18,25,-12,-33,-4,-14,12,-36,-7,28,40,-19,-41,-16,-15,25,-34,-8,2,-7,-31,-303
-22,-7,12,1,-33,11,-19,12,-29,-1,38,39,-22,-31,-7,3,27,-21,17,8,-2,-35,-278
-10,7,5,19,-20,26,-13,16,-19,4,46,36,-14,-12,1,18,27,-4,44,14,1,-26,-252
3,21,8,38,4,37,-1,24,-9,8,52,29,-4,11,10,28,27,15,67,20,2,-10,-227
23,37,25,61,34,50,17,38,3,18,61,26,9,39,27,40,34,36,86,34,9,12,-201
49,58,54,84,65,69,36,56,21,39,73,26,26,71,53,54,50,57,97,54,26,35,-173
70,74,76,98,85,83,49,68,38,60,77,27,38,94,74,62,66,72,95,67,45,51,-144
76,77,79,95,90,85,53,64,50,69,70,26,37,96,80,62,72,73,79,67,57,55,-113
71,70,68,83,86,76,51,47,54,68,56,25,29,83,73,59,69,67,57,57,64,52,-80
62,60,57,73,78,64,51,30,55,64,44,26,22,66,63,59,63,60,42,42,67,54,-46
55,52,52,66,71,52,51,20,54,63,38,28,18,53,53,62,59,56,38,25,66,62,-17
49,44,51,58,63,40,48,14,49,62,37,28,12,42,47,64,55,49,38,8,60,71,11
43,38,50,48,53,30,40,7,37,59,37,26,6,34,44,63,50,38,37,-9,49,71,43
38,33,44,37,42,20,28,-1,23,53,38,19,1,32,42,57,44,23,33,-23,35,64,79
32,29,32,24,30,9,16,-12,7,45,38,9,-2,32,38,44,37,7,25,-32,17,53,119
26,25,15,8,20,-5,9,-23,-9,36,37,1,-4,28,30,23,31,-5,14,-36,-1,42,163
18,21,-1,-4,12,-14,8,-26,-22,28,39,-1,0,23,21,3,29,-8,8,-34,-14,35,215
13,22,-6,-9,9,-13,15,-15,-29,28,48,4,14,20,15,-9,31,-2,9,-25,-16,37,274
15,28,6,-5,12,2,25,10,-25,35,63,18,37,22,15,-10,38,11,18,-10,-6,49,338
27,41,34,9,23,29,37,40,-9,50,82,40,64,31,23,0,50,27,33,11,12,67,404
44,56,62,25,33,56,43,62,7,63,96,61,83,41,33,10,58,37,43,30,30,77,471
51,58,74,30,31,67,33,63,12,62,93,64,83,40,32,9,54,31,38,36,32,69,533
42,41,62,23,16,57,8,42,3,46,72,47,64,26,17,-6,38,12,17,27,17,42,588
25,16,36,13,-2,39,-21,16,-9,26,44,21,38,11,0,-24,20,-6,-5,14,-6,12,639
8,-4,6,10,-15,24,-38,2,-15,11,20,-1,21,4,-8,-34,8,-12,-17,8,-23,-10,688
-4,-12,-18,16,-19,17,-40,4,-12,5,6,-16,19,6,-6,-30,1,-8,-16,13,-28,-19,735
-5,-7,-27,31,-10,20,-28,18,0,10,3,-18,28,17,4,-13,1,4,-3,27,-20,-14,776
8,13,-17,53,10,30,-8,38,17,27,11,-8,41,35,22,12,7,22,20,44,-1,0,809
28,39,2,73,31,39,12,54,32,45,22,4,46,51,39,37,16,37,41,54,20,13,836
40,56,15,82,38,36,20,53,34,52,28,5,37,53,47,48,20,39,48,46,30,12,853
38,56,12,71,24,18,11,36,18,41,20,-7,14,37,38,43,14,24,37,18,24,-4,859
26,43,-2,49,0,-5,-5,12,-6,22,8,-24,-13,14,23,29,3,0,18,-17,8,-27,854
18,32,-16,32,-17,-19,-12,-1,-20,9,4,-31,-29,0,15,19,-1,-20,8,-44,-2,-39,836
18,31,-19,28,-17,-18,0,3,-16,10,15,-21,-27,0,20,19,9,-28,16,-51,-1,-31,803
25,37,-12,32,-5,-6,22,19,-1,21,35,3,-14,10,33,22,26,-26,33,-40,12,-8,747
31,43,2,37,10,10,45,35,17,35,55,31,2,22,43,25,41,-19,48,-21,30,19,665
35,45,16,41,22,25,64,49,34,46,71,55,17,31,46,25,49,-10,56,-2,48,42,562
35,43,24,43,28,40,77,59,46,48,80,70,32,35,43,23,51,3,57,15,61,58,443
32,36,24,40,22,51,84,62,49,42,83,75,47,34,33,19,44,15,52,28,67,65,313
31,26,20,34,12,57,86,59,45,32,79,70,58,28,20,13,31,21,42,34,66,65,179
33,19,18,30,7,58,86,53,43,23,73,63,69,25,9,7,19,23,34,34,64,63,45
39,18,24,29,10,60,86,49,46,18,68,59,77,28,4,-1,12,25,31,34,64,60,-84
42,18,36,28,15,58,80,46,47,12,60,57,78,34,3,-13,9,24,25,34,62,53,-203
36,14,44,22,11,48,63,38,39,1,43,52,70,33,-2,-31,2,17,12,33,53,37,-309
19,2,39,11,1,33,35,22,21,-15,18,41,54,21,-14,-50,-10,6,-8,27,34,13,-403
-3,-12,25,1,-12,19,1,5,0,-31,-7,27,33,3,-29,-64,-21,-3,-24,18,9,-14,-483
-21,-19,12,-1,-22,12,-30,-5,-19,-39,-24,17,15,-13,-37,-66,-24,-5,-30,11,-14,-34,-547
-26,-13,6,10,-22,16,-50,-5,-27,-32,-29,15,6,-19,-33,-52,-17,3,-21,10,-26,-40,-593
-14,6,12,32,-12,30,-56,6,-21,-13,-23,23,5,-12,-15,-27,0,16,-3,14,-23,-34,-624
8,30,25,58,5,49,-50,26,-3,12,-10,37,9,6,11,1,24,31,19,22,-6,-22,-638
34,55,39,83,22,68,-34,50,17,37,6,50,15,31,40,27,49,47,42,32,17,-9,-638
54,70,42,100,36,81,-15,71,32,56,16,56,17,52,61,47,67,59,60,41,40,1,-629
63,70,28,102,42,79,0,78,37,63,16,49,13,57,68,58,70,58,69,41,52,1,-617
58,56,5,87,41,61,8,72,31,56,8,32,2,46,57,56,55,46,67,28,51,-6,-608
44,38,-15,65,38,35,14,59,22,43,-1,14,-10,26,39,46,31,28,58,9,42,-11,-602
30,24,-21,43,36,12,20,49,18,30,-5,3,-16,5,24,34,5,12,45,-6,32,-9,-599
19,16,-12,25,33,-5,27,40,17,17,-5,-5,-18,-12,14,21,-17,-2,28,-13,25,-2,-596
12,9,8,8,30,-17,30,32,18,6,-2,-11,-17,-22,8,7,-32,-15,7,-15,19,9,-591
9,5,31,-5,26,-23,28,24,19,-2,3,-18,-13,-26,6,-8,-38,-21,-13,-14,14,20,-581
10,0,43,-14,25,-23,24,16,18,-7,6,-25,-6,-24,3,-22,-39,-22,-29,-9,9,28,-569
11,-5,37,-24,22,-24,16,3,12,-12,2,-33,2,-24,-4,-36,-39,-20,-40,-5,1,29,-553
7,-15,14,-38,13,-33,2,-15,2,-21,-10,-42,7,-31,-20,-53,-46,-20,-52,-9,-13,22,-536
-9,-30,-19,-56,-7,-48,-16,-37,-12,-37,-31,-52,2,-47,-44,-72,-60,-25,-67,-23,-30,10,-518
-34,-49,-53,-76,-34,-63,-35,-58,-27,-56,-54,-58,-13,-67,-72,-91,-77,-33,-81,-40,-48,-6,-502
-61,-69,-77,-92,-61,-75,-51,-73,-44,-73,-74,-61,-32,-84,-97,-104,-91,-42,-91,-57,-59,-22,-489
-85,-88,-89,-102,-82,-83,-65,-79,-63,-82,-84,-61,-51,-92,-113,-111,-94,-49,-95,-70,-65,-37,-475
-101,-100,-88,-104,-93,-84,-75,-75,-81,-84,-82,-56,-63,-89,-116,-109,-84,-52,-89,-76,-65,-53,-456
-106,-103,-81,-94,-89,-74,-78,-64,-93,-78,-67,-46,-64,-76,-106,-95,-63,-50,-72,-69,-58,-67,-434
-101,-92,-71,-72,-74,-53,-70,-47,-95,-67,-44,-32,-52,-56,-84,-69,-35,-40,-48,-49,-42,-75,-412
-89,-72,-60,-44,-55,-28,-57,-30,-86,-54,-22,-17,-32,-35,-58,-37,-8,-21,-25,-24,-22,-74,-391
-72,-48,-50,-18,-38,-5,-42,-14,-67,-43,-6,-1,-11,-16,-31,-3,14,1,-6,0,-4,-63,-369
-47,-20,-35,4,-22,16,-25,6,-40,-29,5,14,11,6,-4,31,30,26,14,21,13,-41,-349
-15,8,-14,25,-5,34,-3,32,-10,-11,15,29,34,31,23,61,43,51,35,39,30,-10,-332
18,32,11,41,15,46,18,60,15,9,24,41,54,57,47,82,52,70,56,52,42,20,-315
44,48,33,47,33,48,31,77,32,26,29,42,65,74,62,90,54,74,69,57,45,38,-296
54,49,45,39,42,39,31,77,36,33,25,30,60,74,64,81,45,59,66,52,38,37,-274
39,34,38,18,36,16,16,55,24,23,8,1,34,50,46,53,20,26,41,34,19,16,-257
5,3,10,-14,16,-20,-10,13,2,-1,-22,-38,-9,7,12,11,-16,-19,-3,5,-8,-18,-246
-34,-33,-31,-48,-9,-62,-40,-34,-23,-29,-55,-76,-60,-41,-27,-34,-55,-65,-54,-30,-37,-56,-239
-65,-64,-71,-75,-30,-100,-64,-74,-45,-52,-80,-106,-105,-79,-59,-69,-86,-103,-101,-64,-62,-87,-233
-83,-86,-98,-91,-44,-124,-75,-100,-64,-67,-90,-124,-136,-99,-78,-89,-102,-125,-133,-90,-80,-105,-226
-89,-95,-109,-97,-48,-134,-73,-115,-78,-70,-85,-128,-153,-101,-82,-95,-105,-133,-145,-105,-89,-108,-217
-86,-95,-107,-97,-48,-133,-66,-121,-88,-65,-72,-120,-156,-92,-76,-90,-98,-128,-144,-112,-89,-99,-204
-79,-88,-96,-97,-50,-124,-61,-122,-94,-56,-54,-104,-145,-77,-65,-82,-84,-114,-136,-112,-84,-81,-189
-69,-76,-82,-95,-55,-110,-58,-117,-93,-46,-36,-84,-122,-58,-52,-71,-67,-93,-123,-104,-73,-55,-174
-57,-62,-69,-91,-58,-94,-54,-108,-86,-38,-21,-65,-91,-38,-39,-59,-51,-72,-107,-90,-58,-28,-160
-46,-52,-59,-86,-59,-82,-49,-99,-77,-36,-15,-51,-61,-21,-31,-50,-42,-57,-97,-75,-45,-8,-151
-40,-50,-49,-83,-60,-74,-41,-93,-69,-43,-17,-46,-38,-9,-28,-45,-42,-48,-95,-61,-40,0,-143
-38,-52,-34,-81,-60,-68,-28,-85,-62,-57,-24,-47,-19,-4,-31,-45,-47,-41,-97,-43,-42,-2,-133
-40,-57,-18,-81,-61,-60,-15,-76,-55,-73,-35,-46,-7,-8,-37,-51,-54,-34,-96,-21,-42,-10,-121
-49,-63,-9,-83,-62,-50,-6,-66,-46,-85,-48,-41,-1,-19,-48,-63,-61,-28,-89,-2,-37,-20,-107
-59,-67,-8,-83,-61,-39,-5,-54,-33,-91,-55,-33,5,-34,-58,-75,-62,-21,-75,14,-24,-27,-95
-65,-64,-11,-76,-50,-23,-6,-38,-16,-89,-54,-23,17,-45,-64,-77,-53,-10,-52,31,-6,-24,-84
-62,-52,-14,-60,-29,-3,-4,-16,5,-78,-44,-12,36,-49,-62,-68,-36,2,-23,47,17,-10,-77
-54,-36,-15,-40,-5,16,2,5,25,-61,-30,-3,53,-47,-55,-54,-16,10,4,57,37,5,-73
-43,-17,-9,-21,14,31,10,22,42,-42,-16,3,67,-41,-44,-40,4,12,23,58,48,19,-74
-26,3,5,-5,28,44,21,38,59,-21,-2,11,78,-28,-27,-24,23,14,39,55,52,29,-75
-2,26,21,9,40,54,30,52,77,4,12,24,83,-9,-3,-7,40,18,52,52,56,35,-76
20,43,27,14,45,56,29,54,88,27,18,35,73,7,19,6,49,20,58,42,57,30,-73
28,43,16,8,38,41,12,39,84,35,12,35,45,11,28,10,42,13,55,21,48,14,-69
21,28,-9,-8,21,11,-17,11,62,27,-6,22,4,1,22,8,21,-2,42,-6,27,-6,-63
8,6,-37,-28,-1,-26,-48,-18,31,9,-25,2,-37,-17,5,1,-6,-19,26,-31,2,-22,-56
-3,-14,-57,-44,-22,-60,-69,-39,2,-8,-39,-17,-67,-34,-11,-8,-29,-34,12,-49,-18,-29,-49
-10,-30,-65,-54,-40,-83,-77,-50,-21,-19,-45,-32,-82,-47,-24,-19,-45,-45,0,-63,-30,-29,-44
-15,-41,-59,-59,-49,-94,-72,-53,-39,-24,-45,-41,-85,-52,-32,-33,-55,-52,-11,-74,-36,-26,-41
-16,-46,-44,-58,-45,-90,-55,-51,-53,-22,-41,-44,-79,-50,-35,-45,-60,-50,-21,-80,-39,-22,-41
-16,-45,-26,-50,-33,-75,-36,-50,-64,-17,-33,-43,-70,-44,-35,-54,-62,-40,-32,-82,-39,-20,-41
-21,-45,-15,-44,-24,-57,-23,-59,-74,-14,-29,-43,-63,-39,-37,-61,-65,-30,-46,-83,-42,-22,-42
-31,-47,-12,-43,-26,-45,-24,-75,-85,-18,-31,-48,-58,-38,-42,-66,-66,-23,-61,-86,-52,-27,-45
-40,-48,-14,-45,-36,-39,-33,-91,-90,-25,-37,-52,-54,-37,-46,-65,-60,-16,-73,-89,-66,-31,-50
-43,-47,-19,-47,-51,-41,-45,-103,-90,-30,-42,-54,-53,-35,-44,-59,-46,-13,-80,-88,-80,-34,-56
-47,-49,-31,-53,-73,-53,-60,-112,-90,-38,-53,-59,-58,-37,-45,-59,-32,-19,-89,-91,-93,-44,-61
-63,-60,-51,-67,-102,-75,-81,-123,-99,-56,-73,-72,-75,-46,-54,-70,-27,-38,-103,-100,-111,-64,-64
-86,-74,-75,-81,-129,-98,-101,-132,-114,-78,-95,-89,-98,-58,-70,-87,-32,-60,-120,-109,-132,-89,-61
-102,-80,-95,-85,-142,-111,-112,-129,-124,-96,-108,-100,-113,-64,-80,-98,-41,-75,-131,-106,-143,-106,-51
-101,-72,-101,-75,-135,-105,-111,-109,-119,-104,-107,-99,-108,-58,-77,-93,-45,-77,-129,-85,-135,-107,-35
-78,-49,-89,-47,-107,-79,-96,-71,-93,-97,-89,-83,-81,-37,-56,-68,-39,-62,-111,-48,-109,-87,-17
-37,-14,-60,-7,-67,-38,-69,-21,-52,-76,-56,-54,-37,-9,-22,-29,-18,-30,-75,-2,-66,-50,-1
11,24,-23,36,-24,10,-34,30,-3,-46,-17,-20,10,20,17,17,12,9,-25,45,-15,-6,10
50,53,11,71,11,52,0,70,42,-15,19,11,51,41,49,58,39,43,26,83,36,34,13
66,66,32,88,33,78,25,89,74,9,45,29,76,53,66,84,53,63,68,103,74,60,10
60,64,41,88,44,89,36,89,92,26,59,32,82,54,67,94,56,68,96,106,93,71,3
43,55,44,81,54,89,40,77,98,39,64,27,76,52,61,94,51,59,111,97,97,72,-3
25,42,40,69,62,79,37,58,93,46,58,19,63,47,54,87,40,41,112,81,91,67,-4
3,23,24,49,61,54,24,31,74,43,39,4,42,34,40,71,22,14,94,55,75,53,-2
-21,-2,-5,21,43,14,1,-5,41,27,9,-15,13,9,17,45,0,-20,63,21,49,34,1
-42,-29,-39,-11,14,-31,-22,-41,2,3,-25,-34,-17,-21,-11,15,-23,-51,27,-14,21,14,5
-59,-54,-70,-46,-19,-73,-39,-72,-36,-24,-54,-48,-44,-49,-39,-15,-45,-70,-4,-45,-4,-1,11
-75,-77,-95,-83,-50,-108,-53,-94,-70,-51,-74,-58,-65,-73,-67,-44,-67,-80,-30,-68,-26,-13,18
-86,-94,-104,-113,-73,-128,-62,-104,-94,-74,-80,-62,-79,-90,-90,-70,-86,-79,-45,-82,-43,-23,24
-86,-102,-95,-127,-82,-125,-64,-100,-105,-85,-67,-58,-79,-95,-100,-85,-93,-70,-46,-81,-49,-29,31
-80,-103,-77,-126,-82,-107,-63,-90,-107,-86,-46,-48,-70,-94,-100,-90,-92,-59,-40,-71,-52,-33,35
-75,-102,-61,-116,-80,-83,-63,-82,-106,-83,-28,-38,-56,-92,-98,-88,-86,-53,-34,-63,-56,-39,37
-66,-95,-46,-94,-73,-53,-57,-75,-99,-73,-14,-24,-36,-86,-92,-75,-70,-48,-26,-54,-57,-39,40
-46,-73,-23,-57,-53,-12,-37,-57,-75,-50,4,0,-4,-65,-73,-50,-37,-35,-8,-36,-44,-26,50
-13,-34,14,-11,-19,38,-5,-25,-33,-17,29,32,35,-28,-40,-19,9,-8,20,-6,-17,-3,66
22,10,55,31,18,85,25,13,16,17,51,62,68,14,-5,7,54,23,47,28,12,17,84
45,43,86,57,44,114,40,48,54,37,62,77,82,47,22,20,84,43,61,57,32,23,97
50,56,97,65,52,117,38,69,71,38,58,69,72,62,35,22,92,48,57,71,32,12,102
38,49,87,57,42,98,22,73,67,25,42,41,46,58,33,21,80,39,37,70,16,-10,101
19,29,63,43,20,70,3,62,49,8,21,5,18,43,24,27,60,27,15,58,-8,-31,100
2,7,35,31,0,42,-6,45,33,-5,3,-25,0,24,14,40,42,20,3,43,-22,-38,104
-7,-5,13,28,-6,23,1,30,29,-7,-3,-39,1,13,12,61,34,24,9,39,-18,-21,116
-3,-2,8,36,8,19,25,24,43,2,8,-33,22,13,21,84,36,40,32,52,7,15,131
9,13,17,51,36,28,55,28,69,19,28,-12,51,22,39,103,43,61,60,77,41,57,144
16,26,27,59,59,35,75,33,91,31,40,7,70,27,51,107,40,72,78,92,70,82,152
8,24,24,50,65,30,72,27,95,26,34,9,64,16,45,87,21,62,72,80,77,78,151
-7,7,10,29,55,12,47,8,78,7,17,-6,36,-9,25,51,-10,35,47,43,62,46,146
-11,-11,-4,8,41,-4,16,-11,56,-9,1,-23,4,-29,5,14,-35,8,20,-4,39,6,147
2,-17,-8,0,34,-10,-5,-23,42,-10,-3,-29,-18,-32,-1,-12,-43,-9,5,-42,20,-20,160
27,-9,-1,3,36,-6,-9,-24,38,2,6,-20,-24,-21,5,-23,-32,-14,5,-62,13,-20,182
54,8,13,13,46,2,2,-17,40,23,23,0,-15,0,20,-21,-10,-11,14,-62,14,2,208
72,24,26,20,54,12,20,-5,42,43,40,24,1,21,34,-12,12,-5,22,-51,18,33,234
72,29,29,17,53,17,35,9,37,52,49,44,16,30,37,-7,24,0,22,-39,18,55,257
53,20,22,4,44,17,44,20,30,44,51,56,25,25,27,-10,25,0,12,-30,15,61,273
31,8,18,-9,39,19,50,33,27,28,53,64,37,16,14,-11,23,5,4,-16,13,57,291
21,7,29,-7,45,33,63,58,40,22,69,78,61,18,12,2,33,25,13,12,19,58,320
24,22,56,14,63,63,81,93,68,33,98,101,95,36,24,33,57,62,41,54,37,70,361
30,44,85,44,79,97,95,123,96,53,129,122,127,62,41,71,88,102,77,98,59,85,410
31,61,103,69,85,119,93,134,109,72,147,132,143,82,51,100,112,130,106,127,73,91,456
26,65,101,79,75,122,71,123,100,82,143,128,135,88,49,108,125,138,115,132,72,85,489
19,59,81,77,54,110,37,99,75,81,121,113,107,84,40,95,121,128,101,118,58,66,505
20,52,57,72,33,94,5,74,49,73,93,95,73,78,34,75,108,110,77,99,43,42,499
36,55,43,74,22,86,-11,62,35,67,69,81,49,77,40,60,94,92,55,83,36,25,476
59,68,43,85,19,85,-10,62,33,64,50,71,35,77,55,57,83,80,45,70,36,20,442
76,78,47,95,19,82,-1,65,35,58,32,57,24,74,69,60,67,68,41,56,35,22,399
77,77,44,96,16,66,7,60,31,46,11,35,10,65,71,61,44,51,36,35,32,22,345
68,67,31,88,11,39,14,50,23,33,-7,12,-4,54,65,59,21,31,31,13,25,22,285
61,55,17,76,9,12,24,40,19,26,-17,-5,-12,46,58,56,4,16,27,-2,19,27,226
58,46,7,64,14,-5,37,35,22,27,-16,-12,-11,43,55,57,-3,12,24,-5,18,37,175
55,39,2,50,24,-11,47,30,30,30,-6,-11,-4,41,52,58,-8,13,21,-2,21,48,134
47,29,1,31,31,-9,48,18,34,30,3,-8,1,30,43,54,-16,10,13,-3,21,52,108
31,13,1,7,29,-9,36,-8,29,22,4,-8,-2,7,23,40,-31,-4,-3,-16,14,44,96
6,-11,0,-21,20,-17,12,-42,10,7,-7,-13,-14,-23,-7,16,-54,-28,-27,-40,-1,27,93
-22,-36,-2,-47,6,-33,-16,-75,-17,-13,-24,-21,-32,-52,-41,-17,-79,-54,-55,-68,-19,6,92
-49,-60,-9,-71,-12,-56,-41,-97,-47,-37,-45,-30,-52,-75,-72,-54,-101,-76,-82,-92,-38,-14,89
-67,-77,-18,-89,-32,-78,-56,-102,-75,-62,-66,-37,-65,-87,-94,-88,-116,-89,-101,-106,-56,-29,83
-74,-82,-23,-98,-48,-89,-62,-91,-92,-84,-87,-36,-64,-87,-102,-111,-121,-88,-109,-106,-65,-35,77
-73,-77,-25,-103,-58,-87,-61,-71,-97,-101,-102,-31,-53,-80,-99,-118,-114,-74,-107,-92,-65,-34,69
-69,-71,-31,-108,-66,-81,-60,-52,-93,-115,-111,-25,-37,-72,-93,-114,-101,-58,-100,-71,-61,-31,55
-63,-65,-43,-111,-69,-71,-60,-40,-83,-123,-112,-17,-16,-63,-85,-98,-83,-42,-89,-46,-55,-27,39
-48,-52,-52,-104,-63,-52,-51,-25,-62,-114,-99,-2,16,-46,-69,-68,-57,-21,-72,-13,-41,-18,41
-25,-27,-49,-80,-46,-23,-31,1,-29,-87,-70,20,52,-17,-42,-29,-21,8,-43,26,-18,1,102
2,6,-33,-42,-22,12,0,35,8,-53,-35,44,84,18,-6,10,16,40,-8,65,7,25,278
31,46,-7,4,6,46,35,73,40,-19,-2,67,108,56,35,42,47,66,27,95,31,50,630
61,90,25,53,35,78,68,109,65,13,26,84,124,91,78,69,73,83,57,117,52,69,1172
87,129,54,95,60,103,92,134,82,40,44,93,128,115,113,88,90,89,75,127,68,78,1827
101,153,64,116,79,109,99,137,87,53,47,87,115,119,131,94,95,80,77,120,70,76,2429
103,153,47,112,85,92,85,116,78,54,31,66,85,105,129,89,85,57,65,95,56,63,2774
96,137,11,90,77,56,58,79,62,48,6,35,50,84,115,80,66,28,46,61,36,45,2706
90,116,-24,64,60,17,27,41,47,45,-22,2,16,65,103,75,47,0,29,32,19,31,2210
88,97,-46,42,42,-17,2,11,34,46,-44,-26,-12,56,97,73,31,-22,19,10,6,25,1432
87,83,-52,28,28,-47,-12,-12,20,47,-57,-46,-32,53,94,69,19,-37,12,-7,-1,24,612
86,75,-42,23,21,-68,-12,-27,4,48,-58,-54,-42,54,92,61,7,-44,5,-17,-4,24,-25
84,71,-22,24,18,-74,-2,-36,-9,49,-49,-51,-45,52,87,47,-3,-40,-2,-23,-2,22,-358
79,66,-2,25,15,-69,12,-45,-20,46,-38,-45,-47,44,75,26,-15,-31,-12,-27,-3,16,-408
68,55,10,18,7,-62,20,-56,-29,36,-29,-39,-53,29,56,2,-26,-21,-23,-34,-9,3,-306
56,41,16,4,-7,-56,20,-64,-35,23,-22,-36,-58,12,38,-16,-31,-13,-33,-40,-17,-12,-189
49,29,18,-13,-21,-49,12,-64,-36,13,-18,-34,-57,1,27,-25,-26,-10,-37,-42,-24,-27,-130
47,23,16,-28,-31,-43,1,-60,-34,8,-17,-31,-49,0,23,-26,-12,-11,-36,-43,-31,-38,-131
51,23,14,-37,-35,-38,-7,-54,-31,8,-19,-26,-35,10,26,-23,6,-12,-30,-46,-37,-44,-158
59,30,16,-35,-32,-30,-8,-43,-32,9,-19,-16,-18,30,34,-17,27,-10,-21,-47,-38,-45,-182
66,40,25,-20,-28,-17,-6,-25,-34,10,-17,-1,-2,54,44,-8,46,-4,-12,-43,-34,-42,-196
70,51,37,5,-23,3,-2,-1,-37,11,-10,15,10,76,54,3,60,5,-5,-31,-26,-37,-203
73,62,52,36,-13,29,6,28,-33,18,5,34,20,92,63,19,73,17,3,-11,-13,-27,-209
78,77,71,67,7,60,17,61,-19,35,29,57,30,102,74,43,88,34,19,15,5,-13,-212
83,91,84,92,32,87,26,90,1,59,54,79,43,106,80,68,101,52,39,40,24,1,-209
80,97,85,102,51,102,29,106,20,78,71,90,51,101,78,86,108,65,57,56,37,10,-195
69,94,77,101,62,103,25,108,34,89,77,87,52,91,71,94,110,72,74,60,43,14,-173
57,89,68,95,63,95,21,102,44,88,76,74,44,81,67,96,109,77,89,57,46,15,-151
44,79,60,88,53,78,17,90,49,76,69,54,29,71,67,93,104,76,96,49,46,13,-133
32,65,50,79,34,58,11,73,45,56,58,29,7,60,66,85,91,68,94,37,43,8,-116
29,53,44,72,19,43,8,52,38,41,50,6,-13,51,66,80,71,55,85,26,43,4,-94
42,55,42,72,16,41,13,32,32,39,49,-5,-22,50,71,84,51,45,76,19,49,6,-63
64,64,38,73,21,42,20,13,23,46,52,-9,-21,54,77,92,34,36,68,16,55,11,-31
81,71,27,64,23,36,16,-10,4,51,50,-13,-20,56,76,93,18,21,55,7,53,13,-2
87,74,18,49,19,21,3,-32,-24,53,45,-19,-24,55,70,86,8,1,42,-8,43,11,20
88,76,17,38,15,7,-7,-47,-47,58,44,-19,-28,56,66,77,9,-16,36,-24,35,10,42
86,77,26,32,8,-5,-13,-56,-62,66,48,-11,-29,60,65,68,21,-26,36,-35,28,11,67
74,68,37,24,-6,-18,-19,-62,-73,69,48,-4,-35,60,58,54,32,-37,32,-45,18,8,93
51,46,43,9,-28,-34,-30,-68,-84,61,39,-2,-48,52,42,33,32,-51,14,-56,0,-1,121
23,16,37,-11,-51,-48,-40,-76,-93,43,21,-5,-64,38,20,8,22,-66,-14,-65,-23,-12,152
-5,-11,23,-31,-66,-54,-47,-84,-93,22,2,-6,-73,22,-1,-15,8,-74,-45,-68,-45,-21,186
-28,-29,6,-48,-70,-52,-48,-88,-85,1,-12,-4,-72,5,-16,-33,-2,-72,-69,-62,-63,-28,224
-42,-34,-5,-55,-61,-41,-41,-82,-68,-15,-20,2,-58,-7,-25,-43,-3,-56,-80,-51,-68,-32,264
-41,-23,-4,-48,-37,-19,-22,-65,-42,-19,-17,14,-32,-8,-21,-40,11,-26,-72,-31,-58,-31,305
-25,-1,8,-26,-5,9,4,-38,-10,-15,-4,30,0,2,-8,-24,37,15,-47,-4,-35,-26,349
-5,20,23,-1,19,35,22,-9,17,-9,9,41,24,17,6,-9,62,52,-19,22,-15,-22,395
7,27,31,12,24,47,23,12,30,-12,9,41,29,26,12,0,74,73,-1,37,-6,-23,445
8,21,29,15,13,48,8,25,33,-21,0,30,20,27,11,5,69,74,7,41,-7,-25,497
5,13,21,13,-1,48,-9,36,33,-29,-6,18,12,23,8,13,55,62,12,43,-11,-23,554
0,8,12,10,-8,47,-17,47,35,-30,-5,11,13,15,5,20,39,45,20,46,-10,-15,616
-6,5,3,8,-7,44,-16,58,39,-26,-2,7,20,2,-1,24,23,25,28,47,-4,-6,679
-13,2,-2,10,4,39,-6,67,44,-19,1,3,28,-12,-8,25,9,8,37,46,9,1,743
-17,-1,-1,17,24,39,12,75,47,-9,6,3,33,-22,-13,26,0,0,48,42,25,6,804
-18,-2,10,29,47,42,33,78,45,5,12,6,33,-26,-14,27,0,2,62,36,42,10,858
-19,-4,25,38,64,46,48,72,37,20,19,10,22,-27,-15,32,4,10,74,24,54,13,900
-22,-9,40,43,71,49,55,58,26,33,28,13,4,-27,-15,39,9,17,80,8,61,15,932
-24,-16,49,42,70,49,58,41,15,45,40,15,-15,-26,-16,46,15,21,79,-10,63,19,952
-28,-26,44,32,58,39,52,21,1,51,49,13,-35,-26,-21,43,17,18,69,-31,58,22,958
-37,-44,21,11,32,16,35,-6,-18,45,52,6,-58,-33,-36,23,9,6,48,-55,45,21,952
-48,-66,-11,-15,1,-12,14,-31,-39,34,50,0,-77,-41,-52,-5,-6,-8,23,-77,28,19,938
-50,-77,-35,-36,-20,-32,-2,-47,-54,27,51,2,-81,-39,-57,-28,-19,-15,7,-89,18,20,916
-42,-75,-46,-48,-30,-41,-9,-53,-65,27,55,15,-69,-27,-52,-43,-24,-14,4,-94,14,23,882
-31,-68,-48,-57,-37,-43,-18,-61,-73,27,56,30,-52,-15,-44,-52,-25,-12,6,-94,9,21,829
-21,-60,-45,-61,-44,-38,-30,-72,-76,25,57,43,-39,-4,-38,-55,-21,-12,5,-91,2,9,756
-13,-50,-38,-59,-47,-26,-41,-77,-71,21,60,54,-28,8,-31,-50,-11,-9,3,-82,-3,-5,661
-5,-38,-27,-49,-48,-12,-48,-69,-59,17,67,62,-14,20,-24,-40,4,-2,3,-67,-4,-14,544
0,-27,-14,-33,-45,0,-48,-48,-43,13,74,68,1,30,-16,-30,20,10,5,-44,-2,-13,409
2,-16,6,-13,-37,15,-37,-17,-23,14,81,75,23,37,-8,-17,35,26,10,-13,5,-6,266
6,-2,33,12,-20,34,-14,21,1,23,88,82,55,43,4,-2,51,47,21,22,19,8,125
14,16,65,38,0,59,17,61,29,38,91,88,92,49,18,15,69,70,37,58,40,26,-9
25,34,93,63,19,84,46,94,56,53,87,92,122,51,31,34,86,92,57,90,62,45,-132
35,47,109,83,33,106,65,115,80,60,81,90,135,48,41,54,99,108,76,113,79,60,-241
43,55,110,97,45,119,77,131,99,61,72,86,134,41,50,72,105,118,90,125,91,69,-334
47,58,98,103,54,119,82,143,110,56,58,79,121,33,55,82,100,120,97,125,96,73,-412
42,52,76,96,60,105,79,148,108,45,37,67,95,18,53,77,81,108,93,112,90,69,-479
25,35,48,73,58,79,67,135,93,28,12,47,62,-5,39,60,50,78,76,89,70,51,-536
-2,11,16,38,48,48,52,107,69,8,-13,23,27,-31,15,36,13,39,49,62,42,25,-582
-31,-13,-16,-1,34,17,37,69,44,-8,-33,-2,-3,-54,-11,11,-22,-2,18,38,14,-1,-616
-53,-34,-42,-36,19,-11,24,30,23,-19,-46,-25,-29,-69,-36,-8,-49,-34,-8,18,-7,-17,-638
-65,-49,-59,-62,8,-33,15,-3,9,-23,-49,-41,-47,-74,-53,-20,-64,-50,-25,2,-17,-20,-648
-69,-61,-68,-78,-2,-50,10,-28,-3,-22,-48,-51,-58,-73,-65,-32,-71,-53,-36,-13,-18,-14,-650
-69,-73,-72,-86,-11,-65,4,-46,-17,-20,-47,-58,-66,-72,-74,-51,-75,-50,-46,-31,-17,-5,-647
-62,-81,-68,-87,-16,-73,-4,-57,-30,-18,-42,-55,-68,-67,-76,-65,-75,-39,-51,-45,-13,5,-640
-49,-77,-56,-78,-14,-67,-8,-57,-35,-13,-30,-40,-58,-54,-65,-66,-65,-23,-47,-45,-6,20,-628
-37,-69,-46,-69,-12,-55,-10,-53,-38,-13,-17,-21,-43,-39,-51,-58,-52,-8,-42,-35,-2,32,-616
-39,-69,-51,-71,-19,-52,-17,-54,-48,-26,-16,-10,-32,-32,-48,-56,-48,-6,-47,-32,-11,29,-604
-52,-77,-65,-82,-33,-56,-29,-60,-64,-46,-27,-9,-27,-34,-56,-59,-52,-11,-58,-36,-30,11,-593
-63,-82,-73,-89,-39,-56,-38,-62,-73,-60,-36,-10,-22,-37,-64,-62,-50,-12,-65,-38,-47,-8,-581
-67,-80,-63,-86,-37,-46,-39,-58,-72,-62,-37,-11,-14,-38,-69,-60,-40,-7,-62,-33,-57,-21,-570
-69,-77,-43,-81,-32,-33,-41,-54,-67,-61,-33,-14,-12,-42,-74,-59,-28,-1,-56,-26,-63,-35,-564
-70,-73,-24,-75,-30,-22,-47,-55,-63,-63,-31,-17,-18,-48,-77,-55,-19,3,-52,-20,-69,-50,-561
-68,-64,-9,-67,-31,-12,-53,-52,-57,-66,-31,-16,-27,-50,-72,-45,-14,6,-45,-11,-69,-60,-557
-62,-50,2,-52,-32,0,-51,-40,-47,-69,-31,-11,-31,-44,-60,-30,-11,11,-33,0,-61,-60,-548
-56,-35,7,-32,-31,10,-41,-21,-35,-70,-31,-6,-27,-36,-46,-17,-13,16,-17,9,-47,-52,-535
-49,-22,11,-8,-25,20,-27,1,-20,-67,-27,-2,-18,-28,-33,-8,-17,21,0,17,-29,-37,-517
-38,-7,21,21,-6,36,-9,28,1,-54,-12,4,-1,-17,-16,4,-14,29,19,31,-6,-16,-496
-25,8,39,50,23,55,9,54,27,-35,8,10,20,-4,3,21,-1,38,39,54,20,5,-474
-18,16,49,63,49,67,20,66,48,-20,21,9,34,3,17,35,11,40,47,74,37,15,-454
-21,11,39,54,56,64,18,55,56,-18,17,-2,31,0,18,40,11,30,39,80,41,7,-439
-25,2,16,33,47,48,11,31,53,-22,1,-18,19,-5,12,42,3,12,22,72,37,-10,-426
-20,-1,-7,15,37,29,10,11,52,-20,-12,-30,11,-4,9,46,-3,-2,12,63,39,-17,-410
-5,2,-21,5,31,10,20,1,56,-10,-16,-34,8,3,11,49,-6,-10,10,54,49,-9,-394
7,0,-28,-6,26,-14,29,-5,56,-4,-15,-36,4,4,9,40,-14,-21,6,39,57,6,-381
7,-13,-34,-25,18,-45,28,-17,42,-9,-20,-40,-9,-9,-4,17,-30,-43,-6,14,53,12,-370
-7,-37,-45,-54,6,-78,13,-38,13,-25,-32,-47,-29,-35,-26,-16,-54,-72,-27,-17,32,7,-360
-26,-62,-58,-84,-11,-103,-9,-65,-21,-42,-46,-52,-49,-62,-50,-49,-79,-95,-50,-47,1,-7,-347
-41,-79,-66,-106,-27,-110,-30,-91,-51,-51,-55,-50,-61,-79,-67,-73,-95,-104,-68,-68,-30,-24,-333
-45,-81,-59,-112,-38,-96,-42,-106,-70,-45,-53,-42,-61,-79,-71,-82,-97,-96,-74,-80,-52,-33,-320
-39,-68,-37,-99,-43,-71,-44,-106,-75,-29,-41,-28,-49,-62,-63,-74,-83,-74,-63,-81,-62,-32,-310
-28,-48,-5,-74,-44,-45,-40,-89,-71,-11,-26,-11,-30,-35,-48,-57,-59,-47,-44,-76,-61,-26,-303
-22,-30,23,-47,-43,-26,-31,-64,-63,0,-13,3,-8,-9,-35,-41,-34,-24,-25,-68,-55,-17,-296
-22,-19,41,-22,-42,-14,-23,-38,-55,-1,-6,13,12,8,-28,-30,-13,-11,-11,-55,-48,-10,-290
-27,-13,44,-1,-40,-4,-15,-14,-44,-7,-1,20,29,14,-27,-23,4,-5,0,-34,-39,-4,-284
-31,-9,34,17,-37,11,-8,7,-32,-11,5,26,47,12,-26,-21,16,2,10,-4,-27,0,-277
-31,-3,17,34,-28,35,-2,27,-16,-6,13,30,66,7,-20,-21,26,13,18,30,-10,4,-271
-24,7,5,52,-12,66,6,49,4,7,23,33,85,5,-8,-16,37,31,28,60,10,9,-268
-10,21,3,72,7,98,16,70,28,26,33,37,101,10,12,-1,50,52,43,81,28,16,-264
12,40,11,95,30,122,28,89,51,49,43,41,110,24,38,24,67,73,62,91,45,25,-257
39,61,26,118,58,137,42,105,70,74,56,47,113,48,66,56,84,90,83,95,61,35,-247
64,81,41,136,84,139,55,114,86,97,71,51,106,73,91,87,97,96,100,96,75,45,-238
79,93,52,141,102,130,62,111,93,112,83,48,85,88,104,104,98,85,110,92,82,51,-233
77,91,53,128,104,108,55,94,89,114,86,35,53,86,102,101,84,58,105,76,80,46,-234
61,77,44,100,90,75,37,66,72,105,80,13,18,67,84,79,60,21,84,49,69,34,-238
38,55,31,69,65,40,15,35,52,91,66,-13,-11,41,59,47,33,-17,53,16,54,18,-246
20,36,22,43,40,14,-5,10,39,78,51,-33,-29,17,37,17,13,-42,24,-14,39,7,-253
16,25,19,32,25,2,-16,-4,36,71,41,-38,-35,5,26,-2,2,-50,3,-33,28,5,-259
23,20,16,32,24,1,-18,-8,36,67,36,-30,-30,2,24,-9,-5,-46,-8,-39,20,10,-263
30,13,8,30,26,1,-18,-12,31,58,30,-19,-25,0,20,-15,-18,-42,-16,-41,7,12,-268
26,-1,-5,16,21,-5,-23,-21,17,35,16,-15,-27,-11,7,-23,-42,-44,-27,-49,-14,5,-273
11,-22,-18,-10,6,-15,-33,-33,-4,1,-1,-19,-34,-30,-16,-35,-69,-50,-40,-64,-37,-8,-276
-7,-44,-25,-38,-13,-27,-40,-45,-25,-33,-15,-25,-37,-51,-39,-47,-88,-53,-51,-80,-55,-23,-277
-20,-57,-23,-57,-30,-32,-39,-52,-37,-55,-21,-25,-28,-65,-56,-55,-91,-45,-56,-88,-59,-34,-277
-20,-56,-11,-59,-37,-25,-32,-47,-35,-60,-18,-15,-9,-66,-59,-57,-77,-27,-52,-82,-51,-38,-279
-10,-42,3,-46,-30,-6,-24,-31,-22,-51,-10,4,14,-56,-50,-54,-55,-3,-41,-64,-34,-35,-282
5,-22,10,-27,-16,13,-19,-11,-6,-34,-5,25,32,-38,-34,-51,-34,19,-26,-42,-19,-27,-284
16,-3,7,-11,-2,25,-21,4,4,-21,-9,39,43,-21,-20,-47,-20,32,-13,-21,-14,-20,-282
16,12,-2,-1,4,27,-31,10,7,-16,-22,40,46,-9,-11,-39,-12,34,-5,-6,-20,-17,-276
9,21,-8,5,3,23,-41,12,5,-16,-38,32,42,1,-4,-23,-5,34,0,4,-29,-16,-266
3,29,-4,19,3,22,-42,17,6,-15,-46,24,41,11,7,4,11,40,5,16,-30,-11,-252
1,38,9,41,8,28,-34,27,13,-7,-40,20,42,23,23,39,35,52,11,33,-18,-3,-240
1,46,21,64,18,34,-22,39,23,6,-26,21,37,29,36,65,56,60,16,50,-1,5,-234
1,48,20,76,27,33,-16,47,27,17,-15,20,20,25,41,72,64,55,16,59,15,6,-232
1,47,5,74,30,21,-17,46,22,24,-11,12,-7,14,39,61,58,40,12,56,25,-1,-230
4,43,-19,59,26,0,-22,34,9,26,-17,-4,-35,1,34,41,42,17,7,42,28,-15,-226
7,38,-41,37,15,-27,-24,10,-9,23,-31,-26,-56,-12,28,17,19,-8,-1,20,20,-36,-222
8,28,-51,12,1,-55,-21,-21,-28,14,-48,-51,-70,-20,22,-2,-5,-32,-12,-7,2,-59,-220
7,18,-46,-8,-12,-76,-13,-50,-41,2,-61,-73,-75,-20,19,-12,-25,-48,-25,-31,-20,-73,-217
4,9,-32,-24,-19,-89,-5,-72,-47,-10,-67,-89,-73,-12,17,-17,-40,-57,-37,-50,-40,-74,-213
-3,-4,-24,-42,-23,-100,-5,-89,-51,-24,-69,-100,-74,-5,8,-24,-54,-66,-52,-65,-58,-64,-207
-20,-25,-29,-68,-30,-117,-17,-107,-60,-42,-73,-109,-84,-8,-14,-38,-70,-81,-72,-79,-78,-51,-200
-43,-52,-48,-101,-45,-137,-38,-123,-73,-64,-80,-118,-97,-23,-44,-57,-89,-97,-94,-91,-97,-40,-193
-64,-79,-72,-132,-65,-154,-59,-135,-88,-84,-87,-126,-104,-43,-73,-78,-106,-111,-112,-100,-113,-34,-185
-80,-100,-89,-155,-85,-163,-74,-142,-99,-100,-93,-130,-104,-64,-94,-99,-117,-118,-125,-104,-123,-34,-178
-88,-113,-89,-167,-100,-161,-79,-142,-102,-110,-97,-124,-97,-80,-104,-116,-119,-117,-131,-102,-126,-39,-175
-87,-114,-74,-165,-105,-148,-76,-135,-99,-115,-96,-105,-83,-86,-102,-123,-112,-106,-128,-93,-120,-45,-176
-78,-105,-53,-150,-100,-125,-69,-120,-92,-114,-90,-78,-67,-80,-90,-118,-99,-88,-116,-76,-104,-52,-176
-64,-90,-32,-129,-90,-97,-63,-100,-82,-109,-82,-50,-51,-66,-76,-103,-83,-67,-98,-55,-79,-58,-176
-51,-73,-19,-106,-79,-71,-59,-78,-70,-102,-73,-28,-39,-51,-64,-80,-68,-46,-78,-33,-54,-62,-177
-42,-56,-15,-87,-70,-49,-55,-55,-57,-97,-61,-13,-28,-40,-56,-56,-56,-26,-59,-13,-37,-63,-181
-34,-38,-16,-68,-59,-27,-46,-27,-39,-91,-47,-3,-15,-29,-48,-37,-46,-6,-39,9,-27,-58,-184
-22,-17,-13,-46,-40,-1,-29,9,-12,-78,-30,10,6,-15,-34,-19,-31,16,-14,32,-17,-44,-186
-6,5,-3,-22,-12,26,-6,47,20,-56,-13,27,32,1,-13,0,-9,39,15,54,-4,-22,-185
8,24,10,3,20,51,17,83,49,-29,2,45,54,17,10,22,18,59,45,74,12,4,-183
18,38,23,27,50,72,38,108,72,-3,13,59,67,28,31,45,45,73,72,92,30,28,-180
24,45,30,46,71,86,54,119,87,21,21,61,68,32,44,66,66,78,94,101,49,47,-175
21,41,26,54,77,85,62,114,92,36,20,46,53,25,43,79,71,71,103,95,59,59,-171
9,28,12,46,67,65,63,92,86,37,9,18,22,9,30,78,59,51,95,71,55,61,-170
-3,10,-8,30,48,34,61,65,70,29,-5,-13,-14,-7,11,67,36,23,72,39,39,58,-172
-10,-6,-23,14,31,1,56,41,49,21,-16,-36,-45,-15,-3,51,12,-8,42,6,20,52,-173
-8,-15,-30,2,22,-27,48,24,26,19,-20,-47,-64,-15,-9,35,-6,-37,12,-20,5,42,-172
-4,-19,-29,-7,19,-48,37,12,3,20,-17,-50,-75,-11,-7,20,-15,-60,-14,-38,-3,29,-166
-4,-20,-23,-15,15,-60,21,3,-20,20,-9,-51,-79,-7,-4,5,-18,-73,-34,-48,-7,12,-155
-9,-23,-16,-24,6,-64,4,-7,-42,16,2,-51,-78,-5,-4,-7,-19,-77,-47,-54,-8,-8,-141
-15,-25,-12,-29,-4,-62,-6,-20,-58,14,13,-45,-72,-2,-5,-13,-19,-70,-53,-58,-9,-25,-124
-18,-25,-7,-30,-11,-53,-8,-31,-70,15,23,-33,-61,5,-6,-11,-15,-55,-52,-59,-11,-36,-109
-16,-23,-3,-26,-17,-42,-4,-35,-83,18,33,-14,-50,14,-7,-5,-9,-38,-49,-56,-17,-40,-96
-10,-21,-1,-19,-23,-29,1,-33,-98,22,38,6,-40,22,-11,-1,-3,-23,-46,-49,-28,-42,-83
0,-17,-1,-12,-24,-15,2,-28,-108,26,39,24,-30,26,-16,-1,0,-15,-45,-34,-39,-42,-65
8,-12,-2,-8,-22,-3,-3,-21,-108,26,35,32,-18,22,-22,-7,-1,-12,-43,-15,-45,-42,-38
5,-13,-3,-10,-22,4,-15,-14,-99,17,23,29,-9,8,-32,-18,-7,-14,-45,0,-47,-45,-4
-7,-22,-6,-13,-26,7,-27,-9,-81,-2,5,16,3,-13,-44,-29,-15,-15,-51,12,-45,-48,32
-18,-28,-4,-6,-25,13,-25,-3,-47,-22,-8,7,21,-30,-48,-30,-17,-11,-55,25,-34,-46,63
-20,-25,9,14,-14,28,-6,13,-5,-34,-11,10,47,-35,-39,-18,-9,1,-49,43,-15,-36,81
-18,-17,26,38,0,45,19,34,30,-39,-8,19,67,-29,-24,-1,2,12,-34,62,4,-25,82
-17,-9,39,54,7,56,39,54,50,-41,-6,27,77,-19,-12,13,9,18,-17,76,17,-17,67
-12,1,47,60,14,64,48,69,60,-39,-3,30,78,-5,0,25,12,20,2,87,27,-10,38
-3,16,51,62,27,70,50,78,68,-29,3,32,74,13,14,38,14,22,25,93,40,2,-1
9,30,50,60,43,69,50,79,75,-15,8,33,66,28,28,53,17,26,44,91,53,17,-48
24,40,47,58,57,64,51,76,83,0,12,30,59,37,40,67,17,34,53,79,61,36,-100
42,48,43,59,69,59,58,72,92,13,13,25,53,42,48,79,16,43,54,61,69,57,-150
59,53,41,59,80,53,67,64,96,23,11,17,43,40,50,83,10,47,49,39,75,73,-191
66,53,36,54,82,43,70,49,91,24,4,6,24,27,44,72,-5,41,35,13,75,76,-218
58,43,23,38,72,26,60,24,74,17,-7,-11,-4,6,28,49,-26,21,13,-16,67,65,-233
38,28,8,16,56,5,40,-6,52,7,-15,-28,-35,-16,10,20,-49,-7,-10,-44,53,47,-238
13,10,-8,-7,37,-15,18,-34,30,-3,-18,-41,-61,-33,-8,-10,-65,-35,-31,-67,37,30,-239
-10,-9,-23,-27,18,-32,-2,-56,10,-12,-16,-45,-81,-46,-23,-37,-72,-56,-45,-83,16,16,-238
-29,-29,-36,-43,-2,-45,-16,-72,-8,-24,-13,-42,-90,-53,-36,-58,-72,-68,-54,-93,-10,7,-239
-44,-45,-41,-55,-21,-53,-24,-78,-23,-38,-11,-35,-87,-56,-48,-73,-66,-71,-57,-99,-35,1,-239
-55,-56,-38,-64,-37,-56,-27,-76,-35,-53,-14,-25,-76,-58,-58,-82,-57,-66,-58,-98,-53,-7,-239
-64,-64,-31,-71,-50,-55,-29,-71,-40,-68,-20,-14,-62,-62,-67,-86,-48,-55,-56,-91,-65,-15,-243
-72,-69,-25,-75,-60,-52,-29,-64,-41,-79,-26,-1,-48,-67,-74,-85,-41,-42,-50,-77,-73,-22,-252
-74,-69,-21,-74,-64,-43,-23,-48,-38,-84,-26,17,-30,-66,-74,-79,-33,-26,-36,-56,-75,-24,-268
-67,-63,-17,-64,-61,-27,-13,-25,-32,-78,-20,37,-7,-59,-69,-67,-23,-7,-15,-31,-70,-19,-279
-52,-54,-14,-48,-52,-6,-4,0,-25,-67,-10,54,16,-49,-59,-54,-9,14,11,-8,-57,-8,-256
-29,-40,-9,-25,-39,17,3,22,-20,-53,3,67,38,-36,-47,-38,10,34,38,14,-38,5,-152
-1,-17,3,6,-18,42,12,46,-11,-34,21,82,62,-17,-27,-15,35,54,63,37,-12,19,94
31,16,27,46,12,72,29,75,11,-5,46,99,92,12,4,20,67,76,90,66,24,36,529
62,53,58,89,46,102,53,107,45,31,76,113,120,45,41,64,100,99,116,101,64,59,1130
84,87,85,127,77,127,81,134,84,66,104,121,136,76,79,108,126,118,140,136,100,84,1773
97,112,103,154,101,141,107,150,118,94,123,120,136,99,108,142,138,126,158,160,123,106,2267
99,122,106,164,109,139,122,148,135,109,125,103,121,108,120,160,134,118,163,163,128,117,2420
89,112,93,154,99,118,117,124,129,107,108,68,90,97,113,155,115,92,153,142,113,111,2133
72,90,71,131,77,84,98,86,103,92,79,25,50,75,93,134,87,56,129,104,87,92,1469
57,65,47,107,53,49,72,48,66,73,50,-14,12,52,71,107,61,23,99,63,60,64,636
43,42,27,86,33,20,49,17,29,57,28,-41,-18,34,53,78,42,-1,66,29,36,35,-109
31,23,11,65,18,-3,28,-7,-4,44,15,-57,-42,19,38,51,27,-18,32,1,15,8,-580
19,6,-3,44,8,-21,13,-28,-30,36,10,-64,-62,7,27,25,14,-30,-3,-21,-2,-13,-726
8,-9,-14,23,0,-34,2,-44,-49,31,9,-65,-75,-5,14,-1,0,-40,-36,-40,-18,-25,-634
1,-24,-24,2,-10,-47,-9,-57,-65,27,7,-64,-80,-17,-2,-26,-15,-53,-66,-55,-37,-31,-450
-4,-38,-31,-19,-23,-59,-23,-67,-78,22,2,-64,-76,-29,-21,-51,-31,-70,-88,-67,-57,-34,-297
-8,-49,-37,-38,-37,-66,-36,-71,-90,15,-4,-61,-65,-36,-39,-69,-42,-84,-98,-73,-71,-34,-220
-11,-54,-35,-51,-49,-66,-44,-67,-95,5,-9,-56,-50,-36,-52,-74,-43,-91,-96,-69,-73,-32,-204
-11,-51,-24,-54,-56,-57,-45,-58,-91,-2,-11,-45,-33,-29,-53,-65,-33,-83,-84,-55,-66,-30,-214
-6,-39,-7,-48,-57,-41,-36,-46,-77,-5,-8,-29,-14,-14,-42,-45,-12,-60,-64,-34,-52,-31,-227
1,-23,8,-36,-55,-23,-21,-36,-61,-5,-3,-12,3,2,-23,-22,12,-31,-43,-12,-36,-37,-237
7,-9,17,-20,-57,-11,-10,-30,-48,-7,-3,0,13,11,-4,-4,30,-4,-29,3,-24,-45,-243
9,0,20,-3,-60,-6,-12,-26,-43,-8,-5,5,17,15,8,2,37,13,-23,9,-17,-52,-245
8,6,21,13,-59,-6,-24,-21,-40,-6,-9,8,15,16,14,-1,35,22,-18,10,-14,-54,-237
1,9,19,24,-53,-10,-42,-15,-38,-3,-13,12,11,16,13,-10,31,23,-12,8,-9,-52,-219
-6,11,15,31,-40,-13,-57,-8,-33,4,-14,18,7,14,6,-16,28,21,-1,6,0,-45,-192
-8,16,13,37,-22,-9,-60,1,-18,17,-8,24,11,15,3,-12,32,25,17,11,14,-30,-163
-3,25,11,45,-2,4,-48,12,7,31,4,28,22,18,5,3,43,34,38,25,32,-10,-140
2,29,3,48,13,16,-28,19,33,37,11,25,30,15,4,23,47,39,52,36,46,10,-123
-1,24,-13,44,19,20,-10,16,48,28,6,13,28,0,-4,37,36,31,53,36,48,24,-107
-9,12,-27,33,19,15,-1,8,53,10,-8,-5,17,-21,-14,44,8,14,42,27,41,30,-86
-13,0,-32,21,23,3,4,-3,51,-7,-23,-22,4,-37,-18,47,-23,-5,26,20,34,28,-61
-9,-4,-27,14,31,-12,8,-12,48,-15,-33,-34,-8,-40,-12,45,-44,-20,12,18,32,22,-33
3,-2,-21,10,36,-28,10,-20,41,-14,-40,-43,-20,-34,1,37,-55,-29,-2,16,31,11,-6
15,0,-21,3,28,-45,6,-32,28,-11,-48,-55,-33,-25,12,18,-59,-38,-19,5,23,-4,24
19,-3,-30,-8,5,-61,-3,-48,8,-9,-58,-71,-48,-19,13,-9,-61,-51,-41,-18,7,-23,57
15,-8,-38,-20,-21,-71,-11,-64,-12,-9,-65,-82,-62,-19,3,-37,-63,-64,-63,-51,-12,-40,92
5,-14,-41,-29,-40,-72,-16,-73,-29,-10,-65,-78,-71,-24,-13,-61,-64,-70,-79,-89,-31,-52,127
-8,-20,-37,-36,-47,-63,-19,-74,-44,-16,-58,-60,-73,-36,-29,-78,-65,-68,-89,-121,-47,-61,158
-19,-24,-26,-40,-42,-48,-19,-69,-56,-24,-42,-32,-67,-49,-44,-87,-64,-60,-93,-134,-54,-61,187
-24,-23,-11,-40,-26,-28,-15,-58,-62,-31,-18,1,-53,-55,-51,-88,-57,-47,-89,-125,-51,-52,216
-23,-19,4,-40,-8,-5,-12,-41,-61,-39,4,32,-34,-52,-51,-84,-46,-34,-78,-100,-42,-36,251
-20,-15,12,-43,5,12,-10,-23,-57,-47,14,55,-15,-43,-48,-80,-37,-25,-63,-68,-32,-18,291
-20,-13,12,-50,8,20,-8,-9,-51,-57,11,65,3,-32,-47,-75,-32,-22,-47,-38,-23,-4,337
-23,-12,13,-53,3,19,-2,3,-39,-61,2,67,22,-17,-44,-64,-23,-18,-28,-13,-10,5,386
-23,-4,21,-43,-2,18,10,17,-17,-54,-3,69,47,4,-32,-39,-6,-4,-3,13,10,12,440
-18,11,33,-23,-7,18,24,33,9,-40,0,70,72,25,-13,-6,16,15,22,39,32,17,497
-10,25,40,1,-12,15,32,41,29,-25,6,65,87,39,7,27,37,29,41,59,45,17,554
0,35,40,23,-18,11,31,41,40,-9,13,52,92,44,23,54,52,34,53,73,47,10,612
17,43,35,42,-16,10,24,40,45,9,18,34,86,44,38,75,62,35,64,79,41,3,674
34,48,26,57,-9,9,16,37,44,26,16,11,69,39,50,87,67,31,75,74,32,-3,737
44,46,12,66,-4,4,6,30,33,36,5,-16,41,29,52,87,66,21,78,59,20,-7,796
44,38,-2,69,-3,-4,-2,19,18,39,-8,-43,11,15,46,79,60,9,72,37,9,-8,848
40,32,-12,72,-3,-10,-5,8,5,39,-14,-61,-12,5,40,70,53,0,62,16,7,-1,895
37,32,-16,76,1,-13,-1,-4,-3,38,-8,-65,-26,1,36,63,46,-5,52,-1,12,12,934
35,34,-19,76,6,-15,7,-18,-6,38,6,-58,-33,0,33,55,36,-9,42,-14,20,25,963
33,31,-22,69,11,-16,13,-33,-7,39,22,-46,-37,2,28,41,22,-14,30,-22,22,33,980
28,22,-27,54,15,-16,16,-47,-6,41,32,-33,-40,5,19,20,3,-23,18,-28,17,38,988
19,8,-32,32,13,-17,16,-59,-5,41,33,-25,-43,10,8,-9,-17,-34,2,-34,7,39,988
7,-8,-35,4,3,-19,16,-67,-7,34,24,-23,-45,12,-3,-42,-34,-48,-23,-40,-7,36,979
-6,-23,-35,-25,-13,-23,17,-71,-13,20,12,-26,-41,11,-13,-73,-47,-61,-54,-46,-21,31,958
-18,-34,-36,-50,-28,-28,19,-72,-20,3,0,-25,-29,6,-21,-97,-56,-70,-85,-50,-32,26,921
-29,-42,-38,-72,-41,-34,21,-74,-27,-17,-11,-20,-14,-5,-28,-115,-62,-72,-110,-55,-38,19,863
-43,-51,-43,-92,-54,-43,19,-76,-35,-42,-22,-13,-1,-22,-40,-127,-66,-72,-128,-61,-40,6,780
-61,-64,-48,-108,-69,-50,11,-78,-43,-67,-34,-6,8,-42,-57,-135,-72,-74,-136,-66,-43,-13,673
-78,-78,-51,-116,-84,-53,-1,-78,-46,-89,-43,0,13,-59,-76,-140,-78,-74,-136,-67,-48,-30,548
-87,-85,-46,-113,-94,-48,-14,-71,-40,-103,-46,8,20,-66,-89,-137,-79,-69,-130,-62,-53,-42,413
-81,-81,-30,-100,-91,-36,-24,-53,-24,-108,-42,17,32,-62,-89,-123,-69,-54,-114,-48,-53,-44,277
-59,-60,-5,-75,-71,-14,-26,-20,3,-98,-27,33,51,-46,-70,-95,-47,-28,-84,-25,-42,-32,147
-24,-23,25,-39,-33,15,-19,25,38,-69,-3,57,80,-18,-35,-57,-16,6,-40,8,-17,-5,26
11,20,49,0,13,46,-8,73,73,-31,21,82,108,11,3,-19,16,40,10,42,14,27,-84
31,50,54,28,48,65,-5,105,92,-1,31,91,117,28,29,8,34,59,53,66,37,49,-185
27,56,36,38,57,65,-17,108,87,8,20,76,99,25,34,19,31,54,76,70,43,52,-276
6,41,-1,30,40,44,-41,83,62,1,-6,42,59,9,22,17,12,26,78,51,30,38,-356
-22,15,-48,11,9,9,-70,39,27,-16,-38,-4,7,-9,2,7,-13,-10,61,14,5,11,-421
-50,-14,-92,-16,-26,-34,-98,-12,-11,-37,-68,-50,-49,-24,-19,-9,-39,-47,34,-33,-26,-21,-473
-69,-36,-121,-41,-55,-75,-116,-56,-42,-52,-88,-87,-96,-31,-35,-23,-58,-77,8,-78,-51,-48,-514
-73,-44,-126,-54,-73,-103,-114,-83,-58,-53,-92,-105,-122,-27,-38,-28,-67,-95,-9,-111,-62,-64,-545
-58,-34,-106,-52,-75,-108,-91,-86,-59,-39,-77,-105,-126,-15,-26,-23,-63,-97,-13,-122,-56,-64,-566
-29,-15,-69,-37,-62,-94,-57,-72,-49,-18,-50,-92,-114,1,-2,-9,-51,-86,-8,-111,-35,-50,-578
6,5,-27,-19,-43,-71,-24,-52,-36,1,-22,-74,-93,13,23,8,-36,-68,1,-87,-10,-29,-584
32,19,6,-7,-25,-54,1,-37,-27,12,-1,-61,-70,17,40,22,-24,-51,8,-64,8,-10,-585
41,20,20,-9,-14,-49,9,-35,-27,12,4,-58,-51,12,42,28,-20,-38,7,-51,14,-1,-581
32,9,15,-26,-15,-60,1,-46,-40,3,-5,-64,-41,2,29,20,-25,-32,-6,-50,4,-1,-574
7,-13,-4,-54,-31,-84,-20,-67,-64,-16,-28,-76,-42,-11,2,0,-39,-34,-30,-56,-20,-9,-564
-25,-40,-31,-87,-60,-113,-48,-92,-92,-41,-60,-91,-50,-25,-32,-30,-57,-43,-63,-64,-55,-26,-553
-51,-62,-56,-113,-92,-132,-71,-111,-115,-63,-90,-101,-61,-33,-61,-60,-72,-52,-96,-69,-86,-46,-540
-57,-69,-69,-119,-109,-130,-81,-112,-120,-70,-106,-98,-66,-27,-72,-82,-75,-50,-117,-66,-101,-60,-526
-40,-56,-63,-101,-107,-104,-75,-89,-105,-59,-103,-81,-61,-7,-63,-89,-63,-32,-120,-49,-99,-63,-514
-13,-32,-41,-67,-89,-63,-58,-52,-76,-37,-87,-58,-45,17,-40,-84,-39,-6,-106,-26,-89,-61,-508
16,-3,-13,-28,-63,-17,-37,-15,-43,-12,-65,-36,-23,36,-13,-70,-13,20,-84,-4,-75,-57,-506
38,22,18,6,-39,23,-18,18,-16,10,-41,-15,-1,46,13,-50,9,39,-62,14,-61,-56,-501
47,38,42,28,-26,47,-7,42,-1,21,-22,1,16,43,29,-29,23,47,-46,26,-53,-61,-492
38,40,49,34,-24,52,-7,49,-1,18,-14,6,24,27,30,-12,23,43,-40,30,-50,-73,-481
16,29,36,29,-28,41,-13,38,-10,6,-17,2,22,6,20,1,13,32,-40,25,-47,-91,-470
-10,11,8,19,-32,21,-20,19,-16,-9,-28,-9,16,-11,6,15,-1,22,-39,17,-39,-105,-459
-33,-9,-27,7,-33,-1,-28,1,-16,-22,-41,-23,7,-22,-8,27,-13,17,-31,8,-28,-107,-446
-52,-29,-64,-10,-33,-24,-37,-17,-14,-35,-57,-39,-4,-31,-21,33,-25,13,-21,-1,-19,-99,-433
-68,-49,-94,-33,-35,-46,-50,-35,-16,-49,-74,-57,-18,-41,-35,30,-39,4,-15,-13,-16,-83,-418
-81,-67,-108,-60,-41,-70,-64,-51,-22,-64,-88,-74,-35,-54,-47,16,-53,-12,-16,-30,-19,-68,-402
-92,-82,-108,-87,-47,-95,-80,-65,-34,-77,-96,-90,-55,-67,-59,-3,-68,-32,-25,-52,-27,-58,-386
-100,-90,-97,-110,-55,-119,-94,-79,-53,-87,-101,-103,-78,-79,-67,-24,-85,-55,-41,-76,-36,-56,-371
-103,-94,-85,-128,-64,-141,-103,-93,-75,-94,-103,-113,-101,-86,-71,-44,-103,-77,-63,-96,-44,-62,-357
-100,-95,-79,-140,-73,-157,-106,-105,-96,-99,-106,-119,-122,-87,-72,-58,-119,-93,-85,-111,-51,-70,-342
-96,-98,-82,-151,-83,-166,-110,-117,-117,-102,-110,-120,-140,-87,-72,-65,-132,-102,-104,-123,-62,-79,-325
-94,-103,-93,-162,-97,-169,-118,-131,-140,-104,-116,-118,-155,-86,-75,-67,-142,-106,-117,-133,-78,-86,-306
-92,-106,-103,-169,-111,-164,-129,-144,-158,-105,-117,-114,-160,-83,-77,-67,-143,-105,-123,-139,-94,-90,-288
-86,-101,-105,-165,-118,-149,-137,-152,-166,-99,-107,-105,-149,-72,-72,-65,-128,-96,-116,-137,-104,-89,-274
-72,-85,-95,-151,-115,-123,-139,-151,-162,-87,-86,-89,-125,-52,-59,-65,-100,-81,-97,-125,-106,-83,-264
-52,-59,-76,-127,-108,-93,-132,-140,-150,-73,-59,-68,-91,-26,-40,-67,-63,-65,-71,-106,-101,-74,-253
-30,-25,-53,-97,-98,-62,-116,-122,-131,-59,-34,-45,-54,4,-17,-72,-26,-52,-47,-82,-90,-65,-240
-5,10,-28,-64,-85,-34,-93,-99,-108,-45,-12,-23,-21,34,7,-77,7,-41,-26,-58,-76,-55,-224
19,43,-3,-31,-67,-9,-67,-73,-81,-29,6,-4,5,63,32,-76,35,-30,-6,-37,-61,-43,-208
43,75,25,1,-44,10,-41,-46,-53,-7,19,9,24,88,57,-65,58,-17,12,-18,-47,-31,-195
68,103,52,32,-21,24,-17,-20,-25,18,27,14,37,108,84,-46,75,-6,27,0,-33,-21,-186
90,124,69,55,-5,32,-2,2,-4,40,26,13,41,119,107,-27,83,-1,35,13,-23,-16,-181
108,137,76,68,4,34,2,16,7,53,17,7,38,123,126,-12,84,-2,36,22,-19,-16,-179
126,147,75,77,9,35,-2,30,13,62,7,4,36,128,143,3,84,-7,38,30,-16,-14,-177
145,159,68,89,16,40,-7,48,20,72,6,5,37,140,162,23,89,-10,46,38,-9,-4,-174
164,172,60,104,28,49,-7,68,33,86,18,13,45,160,183,49,99,-9,62,46,6,13,-170
185,189,58,123,49,64,4,90,54,107,45,30,61,185,204,80,116,-3,90,54,31,36,-165
210,214,68,149,79,87,31,117,85,136,81,57,83,216,230,116,138,12,127,66,67,66,-160
233,240,86,176,109,112,68,143,119,167,117,84,102,246,255,151,158,31,159,77,108,95,-155
244,256,99,191,127,129,103,156,141,186,137,102,106,265,269,171,165,45,173,77,141,111,-149
241,257,101,191,132,132,123,152,142,188,138,106,93,268,270,172,157,51,162,66,155,110,-142
226,242,90,173,124,118,127,133,125,175,123,99,69,256,256,155,136,50,133,49,150,97,-137
200,211,66,136,103,88,115,101,95,148,99,79,36,226,227,122,107,39,91,28,127,76,-135
162,163,30,81,70,43,89,56,54,107,66,46,-1,177,181,77,70,18,42,2,91,48,-140
117,106,-11,18,32,-8,53,5,11,58,28,12,-34,118,127,29,30,-7,-5,-23,51,21,-149
73,53,-45,-36,-1,-50,20,-38,-24,10,-8,-15,-58,63,76,-10,-3,-24,-41,-43,20,3,-158
36,13,-65,-74,-24,-75,-4,-64,-45,-26,-35,-29,-67,26,38,-36,-23,-27,-63,-54,2,-5,-164
8,-15,-73,-90,-40,-83,-18,-76,-57,-50,-52,-31,-63,8,12,-49,-32,-19,-74,-56,-8,-9,-165
-12,-29,-70,-88,-52,-78,-27,-82,-63,-61,-61,-23,-53,3,-3,-54,-34,-4,-78,-51,-17,-16,-158
-20,-30,-55,-70,-59,-63,-31,-84,-65,-59,-60,-5,-36,8,-9,-54,-28,12,-72,-38,-27,-23,-143
-11,-15,-29,-37,-60,-38,-27,-80,-62,-45,-45,17,-12,23,-1,-47,-12,27,-55,-16,-34,-26,-121
12,12,1,1,-58,-7,-21,-72,-56,-25,-21,38,10,42,14,-33,9,38,-31,8,-33,-24,-101
36,40,28,37,-56,21,-19,-60,-51,-4,3,51,25,57,31,-19,28,43,-9,29,-24,-17,-90
55,65,49,66,-53,44,-24,-43,-45,15,21,56,33,67,45,-6,41,44,7,43,-8,-8,-88
68,85,62,88,-45,63,-29,-20,-33,30,35,56,37,71,57,6,49,42,18,52,11,0,-94
71,93,64,99,-34,76,-33,6,-16,37,41,50,35,69,64,15,48,34,24,53,26,3,-104
62,88,59,100,-24,81,-37,27,3,32,37,39,27,61,63,18,37,20,24,47,31,-1,-116
48,75,46,92,-12,81,-39,40,24,20,27,24,17,48,59,21,24,4,22,37,26,-9,-123
33,59,27,77,5,76,-36,46,42,7,16,10,8,31,53,28,14,-8,21,27,17,-15,-121
19,40,3,52,20,64,-30,44,52,-5,6,-3,-5,10,43,30,5,-17,19,18,6,-18,-116
1,17,-25,19,28,43,-28,36,50,-15,-7,-14,-22,-15,26,22,-8,-23,12,8,-2,-19,-112
-20,-8,-52,-14,30,17,-28,24,40,-19,-22,-24,-38,-42,3,4,-23,-28,3,-3,-5,-15,-108
-39,-30,-71,-39,33,-6,-26,12,29,-19,-35,-28,-49,-65,-20,-20,-40,-33,-5,-14,-3,-6,-105
-55,-48,-75,-50,39,-23,-19,5,21,-17,-42,-27,-55,-79,-40,-43,-58,-38,-12,-28,2,5,-105
-62,-60,-63,-50,48,-29,-8,3,17,-14,-41,-21,-51,-81,-55,-59,-73,-40,-14,-40,9,15,-108
-61,-64,-42,-44,54,-28,4,4,19,-11,-34,-14,-37,-75,-66,-63,-80,-36,-13,-51,17,22,-112
-55,-63,-19,-41,54,-22,12,5,21,-9,-25,-8,-20,-70,-74,-57,-79,-30,-10,-60,25,24,-117
-48,-61,0,-46,48,-18,18,8,22,-8,-16,0,-4,-68,-81,-48,-72,-21,-7,-65,31,21,-123
-39,-56,12,-54,39,-15,23,14,24,-9,-7,11,11,-66,-84,-40,-58,-7,0,-57,37,19,-126
-33,-50,17,-61,33,-11,28,20,27,-13,1,23,24,-61,-81,-34,-37,12,9,-37,44,18,-126
-30,-46,18,-64,31,-8,31,24,30,-20,7,33,30,-53,-75,-29,-14,32,16,-13,49,19,-125
-30,-46,18,-64,31,-7,31,23,29,-32,10,38,31,-44,-70,-23,6,49,18,10,49,19,-124
-32,-48,17,-60,26,-8,28,14,22,-46,11,40,29,-34,-67,-14,20,60,14,29,43,16,-122
-33,-49,14,-52,12,-7,20,-3,10,-55,10,40,29,-27,-65,-1,29,64,9,44,33,10,-119
-32,-47,8,-38,-7,-3,10,-21,-3,-56,9,43,30,-23,-60,13,34,64,3,58,22,4,-116
-29,-41,2,-20,-24,3,2,-32,-14,-45,12,49,32,-24,-51,24,35,63,0,72,12,1,-110
-24,-30,-1,1,-35,13,-3,-35,-21,-26,19,57,34,-28,-38,31,35,64,0,86,6,0,-102
-15,-18,-2,25,-34,28,-6,-31,-21,0,29,64,33,-32,-23,35,32,69,6,98,6,-3,-96
-3,-6,2,48,-21,46,-9,-22,-16,29,35,66,27,-35,-10,40,29,72,15,103,10,-7,-93
6,0,10,65,-5,61,-16,-11,-9,54,35,59,15,-39,-4,45,25,67,24,96,11,-14,-92
9,0,15,73,2,67,-29,-3,-4,71,30,43,1,-44,-6,48,17,52,28,80,3,-23,-91
5,-5,15,73,3,66,-43,3,3,80,23,22,-11,-44,-10,48,10,32,31,63,-9,-32,-89
-4,-9,10,67,5,61,-51,10,13,83,20,3,-18,-39,-12,47,7,16,35,52,-14,-34,-83
-17,-13,3,48,10,51,-48,20,28,79,21,-12,-17,-30,-10,46,7,10,40,46,-10,-27,-73
-34,-19,-8,17,17,36,-34,31,44,63,24,-20,-11,-25,-10,44,6,13,44,42,4,-14,-63
-52,-28,-23,-21,26,21,-12,39,58,36,26,-19,-4,-28,-16,42,0,18,46,35,27,2,-50
-64,-39,-39,-53,38,8,17,44,68,4,27,-9,6,-36,-28,41,-9,22,49,28,54,20,-36
-72,-53,-48,-75,48,-1,45,42,74,-25,27,8,15,-49,-46,38,-20,22,50,21,78,39,-21
-80,-71,-50,-86,48,-7,65,31,70,-46,25,25,19,-67,-69,27,-33,17,45,12,89,51,-7
-89,-93,-47,-88,37,-13,70,12,55,-60,19,32,14,-87,-96,6,-49,6,28,-1,83,54,7
-95,-112,-38,-82,23,-16,61,-13,33,-67,13,29,1,-105,-120,-22,-65,-8,2,-18,67,47,26
-93,-123,-18,-72,11,-14,45,-38,9,-66,9,18,-12,-118,-135,-48,-77,-20,-26,-38,46,34,55
-85,-125,3,-60,1,-12,27,-60,-11,-63,4,5,-24,-125,-142,-71,-85,-30,-52,-61,25,16,100
-76,-122,15,-50,-12,-15,5,-77,-27,-62,-4,-9,-32,-127,-144,-86,-91,-37,-73,-81,4,-6,158
-63,-111,21,-39,-25,-20,-13,-85,-36,-59,-12,-15,-32,-119,-136,-89,-92,-39,-82,-88,-8,-22,219
-45,-90,31,-24,-32,-19,-18,-75,-32,-48,-12,-5,-18,-96,-115,-73,-79,-27,-70,-70,-7,-26,271
-27,-64,43,-10,-32,-11,-10,-49,-17,-28,-5,17,5,-65,-86,-44,-52,-2,-40,-30,7,-19,300
-16,-44,49,-4,-29,-4,0,-18,1,-11,3,38,26,-38,-60,-15,-22,25,-9,19,23,-7,302
-18,-37,42,-8,-27,2,4,8,17,-8,10,51,40,-23,-44,7,2,48,16,62,33,6,276
-29,-37,27,-18,-24,7,7,29,29,-15,14,54,50,-18,-37,20,21,67,34,91,39,18,235
-45,-42,3,-32,-21,11,8,43,41,-27,14,49,57,-20,-36,27,33,81,47,103,42,30,187
